,character,quote,scene,location,view,episode,date,series
0,DAX ,"   I risk eight strips, with a   purchase at six and a sale of ten.",1    INT. QUARK'S - AFTER HOURS - CLOSE ON TONGO WHEEL,QUARK'S,INT.,STAR TREK: DEEP SPACE NINE,1997-01-15,Deep Space Nine
1,DAX,"       Quark, it's your move.",1    INT. QUARK'S - AFTER HOURS - CLOSE ON TONGO WHEEL,QUARK'S,INT.,STAR TREK: DEEP SPACE NINE,1997-01-15,Deep Space Nine
2,QUARK,   Just a moment --,1    INT. QUARK'S - AFTER HOURS - CLOSE ON TONGO WHEEL,QUARK'S,INT.,STAR TREK: DEEP SPACE NINE,1997-01-15,Deep Space Nine
3,QUARK,   Aaghhh! I can't believe it!,1    INT. QUARK'S - AFTER HOURS - CLOSE ON TONGO WHEEL,QUARK'S,INT.,STAR TREK: DEEP SPACE NINE,1997-01-15,Deep Space Nine
4,DAX,"   You beg me to play tongo, and then   you don't pay attention to the   game.",1    INT. QUARK'S - AFTER HOURS - CLOSE ON TONGO WHEEL,QUARK'S,INT.,STAR TREK: DEEP SPACE NINE,1997-01-15,Deep Space Nine
5,QUARK,   I'll be right there.,1    INT. QUARK'S - AFTER HOURS - CLOSE ON TONGO WHEEL,QUARK'S,INT.,STAR TREK: DEEP SPACE NINE,1997-01-15,Deep Space Nine
6,DAX,"   Let me put it another way... if    you don't finish this hand, I'm    calling it a night.",1    INT. QUARK'S - AFTER HOURS - CLOSE ON TONGO WHEEL,QUARK'S,INT.,STAR TREK: DEEP SPACE NINE,1997-01-15,Deep Space Nine
7,QUARK,"   Okay, okay!",1    INT. QUARK'S - AFTER HOURS - CLOSE ON TONGO WHEEL,QUARK'S,INT.,STAR TREK: DEEP SPACE NINE,1997-01-15,Deep Space Nine
8,QUARK,"   Who would have dreamed they'd    strike feldomite on Parsion Three?    The entire Sepian Commodities    Exchange is in chaos -- everyone    selling, prices falling --",1    INT. QUARK'S - AFTER HOURS - CLOSE ON TONGO WHEEL,QUARK'S,INT.,STAR TREK: DEEP SPACE NINE,1997-01-15,Deep Space Nine
9,QUARK,   Evade!,1    INT. QUARK'S - AFTER HOURS - CLOSE ON TONGO WHEEL,QUARK'S,INT.,STAR TREK: DEEP SPACE NINE,1997-01-15,Deep Space Nine
10,DAX,   Are you sure?,1    INT. QUARK'S - AFTER HOURS - CLOSE ON TONGO WHEEL,QUARK'S,INT.,STAR TREK: DEEP SPACE NINE,1997-01-15,Deep Space Nine
11,QUARK,"   You heard me, evade!",1    INT. QUARK'S - AFTER HOURS - CLOSE ON TONGO WHEEL,QUARK'S,INT.,STAR TREK: DEEP SPACE NINE,1997-01-15,Deep Space Nine
12,DAX,        Okay.,1    INT. QUARK'S - AFTER HOURS - CLOSE ON TONGO WHEEL,QUARK'S,INT.,STAR TREK: DEEP SPACE NINE,1997-01-15,Deep Space Nine
13,DAX,   Confront.,1    INT. QUARK'S - AFTER HOURS - CLOSE ON TONGO WHEEL,QUARK'S,INT.,STAR TREK: DEEP SPACE NINE,1997-01-15,Deep Space Nine
14,DAX,   You owe me fifteen strips of    latinum.,1    INT. QUARK'S - AFTER HOURS - CLOSE ON TONGO WHEEL,QUARK'S,INT.,STAR TREK: DEEP SPACE NINE,1997-01-15,Deep Space Nine
15,QUARK,"   Take it, that's all I've got left.    (idly spins the wheel,    watches it go)   My antimonium options, my   quadrotriticale futures, my   powdered newt supplements -- all   wiped out. That's it, I'm   finished.",1    INT. QUARK'S - AFTER HOURS - CLOSE ON TONGO WHEEL,QUARK'S,INT.,STAR TREK: DEEP SPACE NINE,1997-01-15,Deep Space Nine
16,DAX,   It can't be as bad as all that.,1    INT. QUARK'S - AFTER HOURS - CLOSE ON TONGO WHEEL,QUARK'S,INT.,STAR TREK: DEEP SPACE NINE,1997-01-15,Deep Space Nine
17,QUARK,   It can. And it is. I'm up to my    lobes in debt. I put the bar up    as collateral to three different    brokers. The loans are due in a    week and if I don't come up with    the latinum there'll be nothing    left of me but a greasy spot on    the Promenade.,1    INT. QUARK'S - AFTER HOURS - CLOSE ON TONGO WHEEL,QUARK'S,INT.,STAR TREK: DEEP SPACE NINE,1997-01-15,Deep Space Nine
18,QUARK,   Here?,1    INT. QUARK'S - AFTER HOURS - CLOSE ON TONGO WHEEL,QUARK'S,INT.,STAR TREK: DEEP SPACE NINE,1997-01-15,Deep Space Nine
19,QUARK,   Now?,1    INT. QUARK'S - AFTER HOURS - CLOSE ON TONGO WHEEL,QUARK'S,INT.,STAR TREK: DEEP SPACE NINE,1997-01-15,Deep Space Nine
20,QUARK,   Tell him I'm out.,1    INT. QUARK'S - AFTER HOURS - CLOSE ON TONGO WHEEL,QUARK'S,INT.,STAR TREK: DEEP SPACE NINE,1997-01-15,Deep Space Nine
21,GAILA,"   If that's the best lie you can    come up with, no wonder you're    broke.",1    INT. QUARK'S - AFTER HOURS - CLOSE ON TONGO WHEEL,QUARK'S,INT.,STAR TREK: DEEP SPACE NINE,1997-01-15,Deep Space Nine
22,QUARK,   Gaila! What a pleasant surprise.,1    INT. QUARK'S - AFTER HOURS - CLOSE ON TONGO WHEEL,QUARK'S,INT.,STAR TREK: DEEP SPACE NINE,1997-01-15,Deep Space Nine
23,GAILA,   I doubt it.        A clothed female. How    titillating.,1    INT. QUARK'S - AFTER HOURS - CLOSE ON TONGO WHEEL,QUARK'S,INT.,STAR TREK: DEEP SPACE NINE,1997-01-15,Deep Space Nine
24,DAX,        Isn't this the cousin that tried    to kill you?,1    INT. QUARK'S - AFTER HOURS - CLOSE ON TONGO WHEEL,QUARK'S,INT.,STAR TREK: DEEP SPACE NINE,1997-01-15,Deep Space Nine
25,GAILA,"   I see you've heard of me. Now if    you don't mind, I'd like to talk    to my dear cousin. Alone.",1    INT. QUARK'S - AFTER HOURS - CLOSE ON TONGO WHEEL,QUARK'S,INT.,STAR TREK: DEEP SPACE NINE,1997-01-15,Deep Space Nine
26,QUARK,"   If you're here for your latinum,    you've come a long way for nothing -   because that's all I can give you.    Nothing.",1    INT. QUARK'S - AFTER HOURS - CLOSE ON TONGO WHEEL,QUARK'S,INT.,STAR TREK: DEEP SPACE NINE,1997-01-15,Deep Space Nine
27,GAILA,"   Spare me the sad story. I'm well    aware of your financial    ""situation.""       And I'm here to help.",1    INT. QUARK'S - AFTER HOURS - CLOSE ON TONGO WHEEL,QUARK'S,INT.,STAR TREK: DEEP SPACE NINE,1997-01-15,Deep Space Nine
28,QUARK,   What are you going to do -- loan    me some exploding latinum?,1    INT. QUARK'S - AFTER HOURS - CLOSE ON TONGO WHEEL,QUARK'S,INT.,STAR TREK: DEEP SPACE NINE,1997-01-15,Deep Space Nine
29,GAILA,   I can understand your    skepticism... but I know a way to    help both of us. I'm offering you    a job.,1    INT. QUARK'S - AFTER HOURS - CLOSE ON TONGO WHEEL,QUARK'S,INT.,STAR TREK: DEEP SPACE NINE,1997-01-15,Deep Space Nine
30,QUARK,   You'd defy the F.C.A. ban against    doing business with me?,1    INT. QUARK'S - AFTER HOURS - CLOSE ON TONGO WHEEL,QUARK'S,INT.,STAR TREK: DEEP SPACE NINE,1997-01-15,Deep Space Nine
31,GAILA,"   What's family for? Besides, I    won't tell them if you don't.",1    INT. QUARK'S - AFTER HOURS - CLOSE ON TONGO WHEEL,QUARK'S,INT.,STAR TREK: DEEP SPACE NINE,1997-01-15,Deep Space Nine
32,QUARK,"   You want me to sell weapons, don't    you?",1    INT. QUARK'S - AFTER HOURS - CLOSE ON TONGO WHEEL,QUARK'S,INT.,STAR TREK: DEEP SPACE NINE,1997-01-15,Deep Space Nine
33,GAILA,       It's what I do. Now I know you've   had reservations about entering   this lucrative field.,1    INT. QUARK'S - AFTER HOURS - CLOSE ON TONGO WHEEL,QUARK'S,INT.,STAR TREK: DEEP SPACE NINE,1997-01-15,Deep Space Nine
34,GAILA ,"        It's dangerous... it's too    technical... it's not a ""people""    business... but let me tell you    something, cousin, nothing could    be further from the truth.",1    INT. QUARK'S - AFTER HOURS - CLOSE ON TONGO WHEEL,QUARK'S,INT.,STAR TREK: DEEP SPACE NINE,1997-01-15,Deep Space Nine
35,QUARK,"   I told you before, I can't smuggle    weapons through this station. Odo    would be onto me in a second.",1    INT. QUARK'S - AFTER HOURS - CLOSE ON TONGO WHEEL,QUARK'S,INT.,STAR TREK: DEEP SPACE NINE,1997-01-15,Deep Space Nine
36,GAILA,   Who said anything about bringing    weapons here?,1    INT. QUARK'S - AFTER HOURS - CLOSE ON TONGO WHEEL,QUARK'S,INT.,STAR TREK: DEEP SPACE NINE,1997-01-15,Deep Space Nine
37,QUARK,        Then what do you need me for?,1    INT. QUARK'S - AFTER HOURS - CLOSE ON TONGO WHEEL,QUARK'S,INT.,STAR TREK: DEEP SPACE NINE,1997-01-15,Deep Space Nine
38,GAILA,   I need you to do the things you're    good at. Customer relations...    showing our clients a good time...    providing an atmosphere conducive    to closing deals.,1    INT. QUARK'S - AFTER HOURS - CLOSE ON TONGO WHEEL,QUARK'S,INT.,STAR TREK: DEEP SPACE NINE,1997-01-15,Deep Space Nine
39,QUARK,        I can do that.,1    INT. QUARK'S - AFTER HOURS - CLOSE ON TONGO WHEEL,QUARK'S,INT.,STAR TREK: DEEP SPACE NINE,1997-01-15,Deep Space Nine
40,GAILA,   Of course you can. And you'll    earn five percent of every sale.,1    INT. QUARK'S - AFTER HOURS - CLOSE ON TONGO WHEEL,QUARK'S,INT.,STAR TREK: DEEP SPACE NINE,1997-01-15,Deep Space Nine
41,QUARK,   Ten.,1    INT. QUARK'S - AFTER HOURS - CLOSE ON TONGO WHEEL,QUARK'S,INT.,STAR TREK: DEEP SPACE NINE,1997-01-15,Deep Space Nine
42,GAILA,       You'll take five.,1    INT. QUARK'S - AFTER HOURS - CLOSE ON TONGO WHEEL,QUARK'S,INT.,STAR TREK: DEEP SPACE NINE,1997-01-15,Deep Space Nine
43,QUARK,   I had no idea.,1    INT. QUARK'S - AFTER HOURS - CLOSE ON TONGO WHEEL,QUARK'S,INT.,STAR TREK: DEEP SPACE NINE,1997-01-15,Deep Space Nine
44,GAILA,"   Weapons is a growth industry. In    a month, all your debts will be    paid. In six months, the Ferengi    Commerce Authority will be begging    to reinstate you. In a year,    you'll have your own moon.",1    INT. QUARK'S - AFTER HOURS - CLOSE ON TONGO WHEEL,QUARK'S,INT.,STAR TREK: DEEP SPACE NINE,1997-01-15,Deep Space Nine
45,QUARK,       My own moon.,1    INT. QUARK'S - AFTER HOURS - CLOSE ON TONGO WHEEL,QUARK'S,INT.,STAR TREK: DEEP SPACE NINE,1997-01-15,Deep Space Nine
46,GAILA,"   Success or failure? What's it    going to be, cousin?",1    INT. QUARK'S - AFTER HOURS - CLOSE ON TONGO WHEEL,QUARK'S,INT.,STAR TREK: DEEP SPACE NINE,1997-01-15,Deep Space Nine
47,QUARK,   What do I have to lose?,1    INT. QUARK'S - AFTER HOURS - CLOSE ON TONGO WHEEL,QUARK'S,INT.,STAR TREK: DEEP SPACE NINE,1997-01-15,Deep Space Nine
48,O'BRIEN,        Come in.,6    INT. O'BRIEN'S QUARTERS - MORNING,O'BRIEN'S QUARTERS,INT.,STAR TREK: DEEP SPACE NINE,1997-01-15,Deep Space Nine
49,JAKE,"        Morning, Chief!",6    INT. O'BRIEN'S QUARTERS - MORNING,O'BRIEN'S QUARTERS,INT.,STAR TREK: DEEP SPACE NINE,1997-01-15,Deep Space Nine
50,O'BRIEN,   Quiet! You'll wake him. He just    dropped off an hour ago.,6    INT. O'BRIEN'S QUARTERS - MORNING,O'BRIEN'S QUARTERS,INT.,STAR TREK: DEEP SPACE NINE,1997-01-15,Deep Space Nine
51,JAKE,   You look terrible.,6    INT. O'BRIEN'S QUARTERS - MORNING,O'BRIEN'S QUARTERS,INT.,STAR TREK: DEEP SPACE NINE,1997-01-15,Deep Space Nine
52,O'BRIEN,   Didn't get much sleep. He was up    every hour or two. Every time I    tried to put him back in his crib    he started crying again. He    misses his mother.,6    INT. O'BRIEN'S QUARTERS - MORNING,O'BRIEN'S QUARTERS,INT.,STAR TREK: DEEP SPACE NINE,1997-01-15,Deep Space Nine
53,JAKE,   When will Professor O'Brien be    back from Bajor?,6    INT. O'BRIEN'S QUARTERS - MORNING,O'BRIEN'S QUARTERS,INT.,STAR TREK: DEEP SPACE NINE,1997-01-15,Deep Space Nine
54,O'BRIEN,"   I don't know, a week, maybe two -    however long it takes to get that    blight under control.",6    INT. O'BRIEN'S QUARTERS - MORNING,O'BRIEN'S QUARTERS,INT.,STAR TREK: DEEP SPACE NINE,1997-01-15,Deep Space Nine
55,JAKE,   That long?,6    INT. O'BRIEN'S QUARTERS - MORNING,O'BRIEN'S QUARTERS,INT.,STAR TREK: DEEP SPACE NINE,1997-01-15,Deep Space Nine
56,O'BRIEN,"   And on top of that, Annel had some    kind of family emergency. So I'm    stuck without a babysitter.",6    INT. O'BRIEN'S QUARTERS - MORNING,O'BRIEN'S QUARTERS,INT.,STAR TREK: DEEP SPACE NINE,1997-01-15,Deep Space Nine
57,JAKE,"   Don't worry, Chief. Everything's    going to be fine. I'll take care    of Yoshi.",6    INT. O'BRIEN'S QUARTERS - MORNING,O'BRIEN'S QUARTERS,INT.,STAR TREK: DEEP SPACE NINE,1997-01-15,Deep Space Nine
58,O'BRIEN,"    (a bit skeptical, but     desperate)    You sure you're up to it?",6    INT. O'BRIEN'S QUARTERS - MORNING,O'BRIEN'S QUARTERS,INT.,STAR TREK: DEEP SPACE NINE,1997-01-15,Deep Space Nine
59,JAKE,        Absolutely. I've babysat Ensign    Pran's hatchlings a couple of    times. Made sure their little    wings didn't get tangled.,6    INT. O'BRIEN'S QUARTERS - MORNING,O'BRIEN'S QUARTERS,INT.,STAR TREK: DEEP SPACE NINE,1997-01-15,Deep Space Nine
60,O'BRIEN,   Kirayoshi doesn't have wings.,6    INT. O'BRIEN'S QUARTERS - MORNING,O'BRIEN'S QUARTERS,INT.,STAR TREK: DEEP SPACE NINE,1997-01-15,Deep Space Nine
61,JAKE,   Even better.,6    INT. O'BRIEN'S QUARTERS - MORNING,O'BRIEN'S QUARTERS,INT.,STAR TREK: DEEP SPACE NINE,1997-01-15,Deep Space Nine
62,O'BRIEN,"        Looks like he's worn himself out.    He should sleep now. When he    wakes up, give him one of his    bottles. The diapers are in the    bag over there.",6    INT. O'BRIEN'S QUARTERS - MORNING,O'BRIEN'S QUARTERS,INT.,STAR TREK: DEEP SPACE NINE,1997-01-15,Deep Space Nine
63,JAKE,"   Don't worry, Chief, I know the    drill. Now go to work. You need    the rest.",6    INT. O'BRIEN'S QUARTERS - MORNING,O'BRIEN'S QUARTERS,INT.,STAR TREK: DEEP SPACE NINE,1997-01-15,Deep Space Nine
64,O'BRIEN,   I'll be fine. I went through the    same thing with Molly. It's just    a phase. He'll grow out of it    sooner or later.,6    INT. O'BRIEN'S QUARTERS - MORNING,O'BRIEN'S QUARTERS,INT.,STAR TREK: DEEP SPACE NINE,1997-01-15,Deep Space Nine
65,O'BRIEN,   Gently now...,6    INT. O'BRIEN'S QUARTERS - MORNING,O'BRIEN'S QUARTERS,INT.,STAR TREK: DEEP SPACE NINE,1997-01-15,Deep Space Nine
66,JAKE,"   You see, no problem.",6    INT. O'BRIEN'S QUARTERS - MORNING,O'BRIEN'S QUARTERS,INT.,STAR TREK: DEEP SPACE NINE,1997-01-15,Deep Space Nine
67,O'BRIEN,"   I'll check in on you at lunch. If   you need me, I'm only a com-line   away.",6    INT. O'BRIEN'S QUARTERS - MORNING,O'BRIEN'S QUARTERS,INT.,STAR TREK: DEEP SPACE NINE,1997-01-15,Deep Space Nine
68,JAKE,   He woke up.,6    INT. O'BRIEN'S QUARTERS - MORNING,O'BRIEN'S QUARTERS,INT.,STAR TREK: DEEP SPACE NINE,1997-01-15,Deep Space Nine
69,O'BRIEN,"   Here, give him to me.",6    INT. O'BRIEN'S QUARTERS - MORNING,O'BRIEN'S QUARTERS,INT.,STAR TREK: DEEP SPACE NINE,1997-01-15,Deep Space Nine
70,JAKE,       You're good.,6    INT. O'BRIEN'S QUARTERS - MORNING,O'BRIEN'S QUARTERS,INT.,STAR TREK: DEEP SPACE NINE,1997-01-15,Deep Space Nine
71,O'BRIEN,   He feels safe in my arms.,6    INT. O'BRIEN'S QUARTERS - MORNING,O'BRIEN'S QUARTERS,INT.,STAR TREK: DEEP SPACE NINE,1997-01-15,Deep Space Nine
72,O'BRIEN,   Hand me the bag. I'm taking him   with me.,6    INT. O'BRIEN'S QUARTERS - MORNING,O'BRIEN'S QUARTERS,INT.,STAR TREK: DEEP SPACE NINE,1997-01-15,Deep Space Nine
73,JAKE,   To work?,6    INT. O'BRIEN'S QUARTERS - MORNING,O'BRIEN'S QUARTERS,INT.,STAR TREK: DEEP SPACE NINE,1997-01-15,Deep Space Nine
74,O'BRIEN,   What choice do I have?,6    INT. O'BRIEN'S QUARTERS - MORNING,O'BRIEN'S QUARTERS,INT.,STAR TREK: DEEP SPACE NINE,1997-01-15,Deep Space Nine
75,JAKE,       What a great Daddy.,6    INT. O'BRIEN'S QUARTERS - MORNING,O'BRIEN'S QUARTERS,INT.,STAR TREK: DEEP SPACE NINE,1997-01-15,Deep Space Nine
76,O'BRIEN,   That's me.,6    INT. O'BRIEN'S QUARTERS - MORNING,O'BRIEN'S QUARTERS,INT.,STAR TREK: DEEP SPACE NINE,1997-01-15,Deep Space Nine
77,GAILA,   Would you stop doing that.,7    INT. QUARK'S - AFTERNOON,QUARK'S,INT.,STAR TREK: DEEP SPACE NINE,1997-01-15,Deep Space Nine
78,QUARK,   Just being careful. Odo could be   anywhere or anything.,7    INT. QUARK'S - AFTERNOON,QUARK'S,INT.,STAR TREK: DEEP SPACE NINE,1997-01-15,Deep Space Nine
79,GAILA,"   Quark, we saw him walk down the   Promenade five minutes ago.",7    INT. QUARK'S - AFTERNOON,QUARK'S,INT.,STAR TREK: DEEP SPACE NINE,1997-01-15,Deep Space Nine
80,QUARK,   He's very tricky.,7    INT. QUARK'S - AFTERNOON,QUARK'S,INT.,STAR TREK: DEEP SPACE NINE,1997-01-15,Deep Space Nine
81,GAILA,   There he is.,7    INT. QUARK'S - AFTERNOON,QUARK'S,INT.,STAR TREK: DEEP SPACE NINE,1997-01-15,Deep Space Nine
82,QUARK,       Where?,7    INT. QUARK'S - AFTERNOON,QUARK'S,INT.,STAR TREK: DEEP SPACE NINE,1997-01-15,Deep Space Nine
83,GAILA,       How good to see you again.,7    INT. QUARK'S - AFTERNOON,QUARK'S,INT.,STAR TREK: DEEP SPACE NINE,1997-01-15,Deep Space Nine
84,HAGATH,   The pleasure is all mine.,7    INT. QUARK'S - AFTERNOON,QUARK'S,INT.,STAR TREK: DEEP SPACE NINE,1997-01-15,Deep Space Nine
85,GAILA,"   Quark, this is my associate,    Hagath.",7    INT. QUARK'S - AFTERNOON,QUARK'S,INT.,STAR TREK: DEEP SPACE NINE,1997-01-15,Deep Space Nine
86,HAGATH,"   And my companion, Talura.",7    INT. QUARK'S - AFTERNOON,QUARK'S,INT.,STAR TREK: DEEP SPACE NINE,1997-01-15,Deep Space Nine
87,HAGATH,        Your cousin speaks very highly of    you.,7    INT. QUARK'S - AFTERNOON,QUARK'S,INT.,STAR TREK: DEEP SPACE NINE,1997-01-15,Deep Space Nine
88,QUARK,   I've always said my cousin is an    excellent judge of character.,7    INT. QUARK'S - AFTERNOON,QUARK'S,INT.,STAR TREK: DEEP SPACE NINE,1997-01-15,Deep Space Nine
89,HAGATH,"   I admire confidence in a man. In    fact, I demand it of my salesmen.    But in business, one must be    careful not to grow too confident.",7    INT. QUARK'S - AFTERNOON,QUARK'S,INT.,STAR TREK: DEEP SPACE NINE,1997-01-15,Deep Space Nine
90,QUARK,        That can be a fatal mistake.,7    INT. QUARK'S - AFTERNOON,QUARK'S,INT.,STAR TREK: DEEP SPACE NINE,1997-01-15,Deep Space Nine
91,HAGATH,"        I believe the phrase you used to    bring me here was ""an opportunity    of a lifetime.""",7    INT. QUARK'S - AFTERNOON,QUARK'S,INT.,STAR TREK: DEEP SPACE NINE,1997-01-15,Deep Space Nine
92,GAILA,   An accurate description.,7    INT. QUARK'S - AFTERNOON,QUARK'S,INT.,STAR TREK: DEEP SPACE NINE,1997-01-15,Deep Space Nine
93,HAGATH,        Show me.,7    INT. QUARK'S - AFTERNOON,QUARK'S,INT.,STAR TREK: DEEP SPACE NINE,1997-01-15,Deep Space Nine
94,HAGATH,   Amuse yourself. I'll be back    shortly.,7    INT. QUARK'S - AFTERNOON,QUARK'S,INT.,STAR TREK: DEEP SPACE NINE,1997-01-15,Deep Space Nine
95,HAGATH,        Very nice.,9    INT. HOLOSUITE (OPTICAL),HOLOSUITE,INT.,STAR TREK: DEEP SPACE NINE,1997-01-15,Deep Space Nine
96,HAGATH,   The weight and balance appear    right...,9    INT. HOLOSUITE (OPTICAL),HOLOSUITE,INT.,STAR TREK: DEEP SPACE NINE,1997-01-15,Deep Space Nine
97,QUARK,   There's a wide range of targets    for you to choose from.,9    INT. HOLOSUITE (OPTICAL),HOLOSUITE,INT.,STAR TREK: DEEP SPACE NINE,1997-01-15,Deep Space Nine
98,HAGATH,   That won't be necessary.,9    INT. HOLOSUITE (OPTICAL),HOLOSUITE,INT.,STAR TREK: DEEP SPACE NINE,1997-01-15,Deep Space Nine
99,HAGATH,"        A perfect replica. It even pulls    a little to the right, just like    the real ones.",9    INT. HOLOSUITE (OPTICAL),HOLOSUITE,INT.,STAR TREK: DEEP SPACE NINE,1997-01-15,Deep Space Nine
100,QUARK,   These are the finest holosuites in    the sector.,9    INT. HOLOSUITE (OPTICAL),HOLOSUITE,INT.,STAR TREK: DEEP SPACE NINE,1997-01-15,Deep Space Nine
101,HAGATH,   I believe it.        Remember when we sold one hundred    fifty thousand of these to the    Manchovites?,9    INT. HOLOSUITE (OPTICAL),HOLOSUITE,INT.,STAR TREK: DEEP SPACE NINE,1997-01-15,Deep Space Nine
102,GAILA,        And we sold another one hundred    thousand to the other side? Now    that was a beautiful little war.,9    INT. HOLOSUITE (OPTICAL),HOLOSUITE,INT.,STAR TREK: DEEP SPACE NINE,1997-01-15,Deep Space Nine
103,HAGATH,   Too bad about the armistice.,9    INT. HOLOSUITE (OPTICAL),HOLOSUITE,INT.,STAR TREK: DEEP SPACE NINE,1997-01-15,Deep Space Nine
104,GAILA,"   Well, all good things must come to    an end.",9    INT. HOLOSUITE (OPTICAL),HOLOSUITE,INT.,STAR TREK: DEEP SPACE NINE,1997-01-15,Deep Space Nine
105,QUARK,   You sell weapons to opposing    sides?,9    INT. HOLOSUITE (OPTICAL),HOLOSUITE,INT.,STAR TREK: DEEP SPACE NINE,1997-01-15,Deep Space Nine
106,HAGATH,"   On occasion. But it's very    dangerous. If either side    realizes what you're doing, it    could be very unpleasant.",9    INT. HOLOSUITE (OPTICAL),HOLOSUITE,INT.,STAR TREK: DEEP SPACE NINE,1997-01-15,Deep Space Nine
107,GAILA,"   But as they say... ""The riskier    the road, the greater the profit.""",9    INT. HOLOSUITE (OPTICAL),HOLOSUITE,INT.,STAR TREK: DEEP SPACE NINE,1997-01-15,Deep Space Nine
108,HAGATH,   True.    (surveying the     Holosuite)    I'm glad I came. This solves a    lot of our problems.,9    INT. HOLOSUITE (OPTICAL),HOLOSUITE,INT.,STAR TREK: DEEP SPACE NINE,1997-01-15,Deep Space Nine
109,GAILA,"   It certainly does. No actual    weapons coming in or out, so we    don't break any local laws. All    shipping happens outside    Federation space, so Starfleet    can't touch us. And since all    we're demonstrating are holograms,    we can even show off the specialty    items.",9    INT. HOLOSUITE (OPTICAL),HOLOSUITE,INT.,STAR TREK: DEEP SPACE NINE,1997-01-15,Deep Space Nine
110,HAGATH,"   Well done, Gaila.",9    INT. HOLOSUITE (OPTICAL),HOLOSUITE,INT.,STAR TREK: DEEP SPACE NINE,1997-01-15,Deep Space Nine
111,GAILA,   It was all Quark's idea.,9    INT. HOLOSUITE (OPTICAL),HOLOSUITE,INT.,STAR TREK: DEEP SPACE NINE,1997-01-15,Deep Space Nine
112,HAGATH,        You really are a find. I can tell    we're going to accomplish great    things together.,9    INT. HOLOSUITE (OPTICAL),HOLOSUITE,INT.,STAR TREK: DEEP SPACE NINE,1997-01-15,Deep Space Nine
113,QUARK,   I can't wait.,9    INT. HOLOSUITE (OPTICAL),HOLOSUITE,INT.,STAR TREK: DEEP SPACE NINE,1997-01-15,Deep Space Nine
114,HAGATH,"   Just one thing, Quark. Don't    cross me. Don't ever cross me.        Understood?",9    INT. HOLOSUITE (OPTICAL),HOLOSUITE,INT.,STAR TREK: DEEP SPACE NINE,1997-01-15,Deep Space Nine
115,QUARK,   Completely.,9    INT. HOLOSUITE (OPTICAL),HOLOSUITE,INT.,STAR TREK: DEEP SPACE NINE,1997-01-15,Deep Space Nine
116,HAGATH,"   Good. Now if it's not too much    trouble, I'd like to see my    quarters.",9    INT. HOLOSUITE (OPTICAL),HOLOSUITE,INT.,STAR TREK: DEEP SPACE NINE,1997-01-15,Deep Space Nine
117,GAILA,    (looking at Hagath's    back)   If he were a bit shorter and his   teeth a little sharper... he'd   make a perfect Ferengi.,9    INT. HOLOSUITE (OPTICAL),HOLOSUITE,INT.,STAR TREK: DEEP SPACE NINE,1997-01-15,Deep Space Nine
118,QUARK,   Why'd you tell him this was all my    idea?,9    INT. HOLOSUITE (OPTICAL),HOLOSUITE,INT.,STAR TREK: DEEP SPACE NINE,1997-01-15,Deep Space Nine
119,GAILA,   I want him to like you.,9    INT. HOLOSUITE (OPTICAL),HOLOSUITE,INT.,STAR TREK: DEEP SPACE NINE,1997-01-15,Deep Space Nine
120,QUARK,"   The Breen CRM-one-fourteen works    equally well against moving    vessels or surface emplacements.    It's guaranteed to cut through    reactive armor in the six-to-   fifteen centimeter range, and    shields up to four-point-six    gigajoules.",13   INT. HOLOSUITE/WEAPONS RANGE (OPTICAL),HOLOSUITE/WEAPONS RANGE,INT.,STAR TREK: DEEP SPACE NINE,1997-01-15,Deep Space Nine
121,CUSTOMER,        It's light.,13   INT. HOLOSUITE/WEAPONS RANGE (OPTICAL),HOLOSUITE/WEAPONS RANGE,INT.,STAR TREK: DEEP SPACE NINE,1997-01-15,Deep Space Nine
122,CUSTOMER,   Nice.,13   INT. HOLOSUITE/WEAPONS RANGE (OPTICAL),HOLOSUITE/WEAPONS RANGE,INT.,STAR TREK: DEEP SPACE NINE,1997-01-15,Deep Space Nine
123,QUARK,   The quick recharge is one of its    most popular features.,13   INT. HOLOSUITE/WEAPONS RANGE (OPTICAL),HOLOSUITE/WEAPONS RANGE,INT.,STAR TREK: DEEP SPACE NINE,1997-01-15,Deep Space Nine
124,CUSTOMER,   I'll take two thousand.,13   INT. HOLOSUITE/WEAPONS RANGE (OPTICAL),HOLOSUITE/WEAPONS RANGE,INT.,STAR TREK: DEEP SPACE NINE,1997-01-15,Deep Space Nine
125,QUARK,   It's a pleasure doing business    with someone who appreciates a    fine weapon.,13   INT. HOLOSUITE/WEAPONS RANGE (OPTICAL),HOLOSUITE/WEAPONS RANGE,INT.,STAR TREK: DEEP SPACE NINE,1997-01-15,Deep Space Nine
126,QUARK,   How'd I do?,13   INT. HOLOSUITE/WEAPONS RANGE (OPTICAL),HOLOSUITE/WEAPONS RANGE,INT.,STAR TREK: DEEP SPACE NINE,1997-01-15,Deep Space Nine
127,HAGATH,       You're a natural salesman.,13   INT. HOLOSUITE/WEAPONS RANGE (OPTICAL),HOLOSUITE/WEAPONS RANGE,INT.,STAR TREK: DEEP SPACE NINE,1997-01-15,Deep Space Nine
128,QUARK,"       I am, aren't I? It was no   different than selling sandwiches.",13   INT. HOLOSUITE/WEAPONS RANGE (OPTICAL),HOLOSUITE/WEAPONS RANGE,INT.,STAR TREK: DEEP SPACE NINE,1997-01-15,Deep Space Nine
129,GAILA,   What did I tell you?,13   INT. HOLOSUITE/WEAPONS RANGE (OPTICAL),HOLOSUITE/WEAPONS RANGE,INT.,STAR TREK: DEEP SPACE NINE,1997-01-15,Deep Space Nine
130,HAGATH,   I always like to celebrate a job   well done.,13   INT. HOLOSUITE/WEAPONS RANGE (OPTICAL),HOLOSUITE/WEAPONS RANGE,INT.,STAR TREK: DEEP SPACE NINE,1997-01-15,Deep Space Nine
131,HAGATH,   To Quark.,13   INT. HOLOSUITE/WEAPONS RANGE (OPTICAL),HOLOSUITE/WEAPONS RANGE,INT.,STAR TREK: DEEP SPACE NINE,1997-01-15,Deep Space Nine
132,GAILA,   Quark.,13   INT. HOLOSUITE/WEAPONS RANGE (OPTICAL),HOLOSUITE/WEAPONS RANGE,INT.,STAR TREK: DEEP SPACE NINE,1997-01-15,Deep Space Nine
133,QUARK,       I'm going to like this job.,13   INT. HOLOSUITE/WEAPONS RANGE (OPTICAL),HOLOSUITE/WEAPONS RANGE,INT.,STAR TREK: DEEP SPACE NINE,1997-01-15,Deep Space Nine
134,QUARK,   You wanted to see me?,14   INT. HAGATH'S QUARTERS (VPB) ,HAGATH'S QUARTERS,INT.,STAR TREK: DEEP SPACE NINE,1997-01-15,Deep Space Nine
135,HAGATH,    (still focused on the     screen)    Just a moment.,14   INT. HAGATH'S QUARTERS (VPB) ,HAGATH'S QUARTERS,INT.,STAR TREK: DEEP SPACE NINE,1997-01-15,Deep Space Nine
136,HAGATH,   Who would have thought there was    so much money to be made in    Andarian glass beads.        So how did things go with the    Proxcinians?,14   INT. HAGATH'S QUARTERS (VPB) ,HAGATH'S QUARTERS,INT.,STAR TREK: DEEP SPACE NINE,1997-01-15,Deep Space Nine
137,QUARK,   He purchased seven thousand    tritanium-plated assault skimmers.,14   INT. HAGATH'S QUARTERS (VPB) ,HAGATH'S QUARTERS,INT.,STAR TREK: DEEP SPACE NINE,1997-01-15,Deep Space Nine
138,HAGATH,        Good. And he'll be back for more.    The Proxcinian War is just heating    up.,14   INT. HAGATH'S QUARTERS (VPB) ,HAGATH'S QUARTERS,INT.,STAR TREK: DEEP SPACE NINE,1997-01-15,Deep Space Nine
139,QUARK,        Lucky us.,14   INT. HAGATH'S QUARTERS (VPB) ,HAGATH'S QUARTERS,INT.,STAR TREK: DEEP SPACE NINE,1997-01-15,Deep Space Nine
140,HAGATH,   I suppose you're wondering when    you'll start seeing your share of    the profits.,14   INT. HAGATH'S QUARTERS (VPB) ,HAGATH'S QUARTERS,INT.,STAR TREK: DEEP SPACE NINE,1997-01-15,Deep Space Nine
141,QUARK,   It had crossed my mind.,14   INT. HAGATH'S QUARTERS (VPB) ,HAGATH'S QUARTERS,INT.,STAR TREK: DEEP SPACE NINE,1997-01-15,Deep Space Nine
142,HAGATH,"   Well, I'm afraid it won't be soon.",14   INT. HAGATH'S QUARTERS (VPB) ,HAGATH'S QUARTERS,INT.,STAR TREK: DEEP SPACE NINE,1997-01-15,Deep Space Nine
143,QUARK,   I don't understand...,14   INT. HAGATH'S QUARTERS (VPB) ,HAGATH'S QUARTERS,INT.,STAR TREK: DEEP SPACE NINE,1997-01-15,Deep Space Nine
144,HAGATH,   I've taken the liberty of    transferring your earnings    directly to your creditors.    You'll be happy to know they were    most appreciative.,14   INT. HAGATH'S QUARTERS (VPB) ,HAGATH'S QUARTERS,INT.,STAR TREK: DEEP SPACE NINE,1997-01-15,Deep Space Nine
145,QUARK,   I would've sent them their money.,14   INT. HAGATH'S QUARTERS (VPB) ,HAGATH'S QUARTERS,INT.,STAR TREK: DEEP SPACE NINE,1997-01-15,Deep Space Nine
146,HAGATH,"   I don't doubt your intentions.    But money does strange things to    people. And I can't afford to    have an associate distracted by    financial difficulties. So until    your debts are paid, I'm afraid    you won't be seeing any profit.",14   INT. HAGATH'S QUARTERS (VPB) ,HAGATH'S QUARTERS,INT.,STAR TREK: DEEP SPACE NINE,1997-01-15,Deep Space Nine
147,QUARK,        And once my debts are paid?,14   INT. HAGATH'S QUARTERS (VPB) ,HAGATH'S QUARTERS,INT.,STAR TREK: DEEP SPACE NINE,1997-01-15,Deep Space Nine
148,HAGATH,"   Your earnings will be yours to do    with as you like.        As long as you stay solvent.        You have to forgive me, Quark, but    my associates are like family to    me. And I feel it's my duty to    keep them out of trouble...",14   INT. HAGATH'S QUARTERS (VPB) ,HAGATH'S QUARTERS,INT.,STAR TREK: DEEP SPACE NINE,1997-01-15,Deep Space Nine
149,HAGATH,"   ... as well as shower them with    affection. Go ahead, open it.",14   INT. HAGATH'S QUARTERS (VPB) ,HAGATH'S QUARTERS,INT.,STAR TREK: DEEP SPACE NINE,1997-01-15,Deep Space Nine
150,QUARK,        Andarian glass beads. These must    be worth...,14   INT. HAGATH'S QUARTERS (VPB) ,HAGATH'S QUARTERS,INT.,STAR TREK: DEEP SPACE NINE,1997-01-15,Deep Space Nine
151,HAGATH,   An absolute fortune. Consider it    a token of my esteem.,14   INT. HAGATH'S QUARTERS (VPB) ,HAGATH'S QUARTERS,INT.,STAR TREK: DEEP SPACE NINE,1997-01-15,Deep Space Nine
152,BASHIR,"   Go ahead, beat that, Chief!",15   INT. QUARK'S,QUARK'S,INT.,STAR TREK: DEEP SPACE NINE,1997-01-15,Deep Space Nine
153,O'BRIEN,"   C'mon, Yoshi. It may not seem    fair forcing the good Doctor to    throw from farther away but he    does have the advantage of being    genetically engineered.",15   INT. QUARK'S,QUARK'S,INT.,STAR TREK: DEEP SPACE NINE,1997-01-15,Deep Space Nine
154,BASHIR,"   Miles, don't you think you should    put the baby down?",15   INT. QUARK'S,QUARK'S,INT.,STAR TREK: DEEP SPACE NINE,1997-01-15,Deep Space Nine
155,O'BRIEN,"    (only barely    overstating)   I haven't put Yoshi down for a   week. Besides, if I can carry him   while I'm at work, I can carry him   here.",15   INT. QUARK'S,QUARK'S,INT.,STAR TREK: DEEP SPACE NINE,1997-01-15,Deep Space Nine
156,BASHIR,   There must be some babysitter on    the station that can pacify him...,15   INT. QUARK'S,QUARK'S,INT.,STAR TREK: DEEP SPACE NINE,1997-01-15,Deep Space Nine
157,O'BRIEN,   Want to bet?,15   INT. QUARK'S,QUARK'S,INT.,STAR TREK: DEEP SPACE NINE,1997-01-15,Deep Space Nine
158,BASHIR,   But you can't hold him forever.    You already have one bad    shoulder...,15   INT. QUARK'S,QUARK'S,INT.,STAR TREK: DEEP SPACE NINE,1997-01-15,Deep Space Nine
159,O'BRIEN,   You want me to put the baby down?    Fine. I'll put the baby down.,15   INT. QUARK'S,QUARK'S,INT.,STAR TREK: DEEP SPACE NINE,1997-01-15,Deep Space Nine
160,O'BRIEN,   Happy?,15   INT. QUARK'S,QUARK'S,INT.,STAR TREK: DEEP SPACE NINE,1997-01-15,Deep Space Nine
161,BASHIR,   That's amazing.,15   INT. QUARK'S,QUARK'S,INT.,STAR TREK: DEEP SPACE NINE,1997-01-15,Deep Space Nine
162,O'BRIEN,"   No, this is amazing.",15   INT. QUARK'S,QUARK'S,INT.,STAR TREK: DEEP SPACE NINE,1997-01-15,Deep Space Nine
163,O'BRIEN,"   Now, if you'll excuse me... it's    my throw.",15   INT. QUARK'S,QUARK'S,INT.,STAR TREK: DEEP SPACE NINE,1997-01-15,Deep Space Nine
164,O'BRIEN,        What do you say we go for the    double?    (as if getting a     response)    I agree.,15   INT. QUARK'S,QUARK'S,INT.,STAR TREK: DEEP SPACE NINE,1997-01-15,Deep Space Nine
165,QUARK,   That's right... keep going...    don't stop until you see smoke.,16   INT. HAGATH'S QUARTERS - CLOSE ON QUARK,HAGATH'S QUARTERS,INT.,STAR TREK: DEEP SPACE NINE,1997-01-15,Deep Space Nine
166,ODO,        I hope I'm not interrupting    anything. I believe you know the    way to the Security Office.,16   INT. HAGATH'S QUARTERS - CLOSE ON QUARK,HAGATH'S QUARTERS,INT.,STAR TREK: DEEP SPACE NINE,1997-01-15,Deep Space Nine
167,QUARK,   None of these charges are going to    stick. I haven't broken any laws.    I have a license to run    holosuites...,18   INT. SECURITY,SECURITY,INT.,STAR TREK: DEEP SPACE NINE,1997-01-15,Deep Space Nine
168,ODO,"        But you don't have a license to    sell weapons, do you?",18   INT. SECURITY,SECURITY,INT.,STAR TREK: DEEP SPACE NINE,1997-01-15,Deep Space Nine
169,QUARK,   I defy you to prove that I've    brought a single weapon onto this    station.,18   INT. SECURITY,SECURITY,INT.,STAR TREK: DEEP SPACE NINE,1997-01-15,Deep Space Nine
170,ODO,"   A mere technicality. We both know    what you're doing. And I promise    you, you're going to face the    consequences.",18   INT. SECURITY,SECURITY,INT.,STAR TREK: DEEP SPACE NINE,1997-01-15,Deep Space Nine
171,SISKO ,"   Not today, he isn't.",18   INT. SECURITY,SECURITY,INT.,STAR TREK: DEEP SPACE NINE,1997-01-15,Deep Space Nine
172,SISKO,   Let him go.,18   INT. SECURITY,SECURITY,INT.,STAR TREK: DEEP SPACE NINE,1997-01-15,Deep Space Nine
173,ODO,   Let him go?,18   INT. SECURITY,SECURITY,INT.,STAR TREK: DEEP SPACE NINE,1997-01-15,Deep Space Nine
174,SISKO,"        Major, tell the constable what you    told me.",18   INT. SECURITY,SECURITY,INT.,STAR TREK: DEEP SPACE NINE,1997-01-15,Deep Space Nine
175,KIRA,"   The Bajoran government insists    that Deep Space Nine not interfere    with the lawful transactions of    Hagath or his associates.    (off Odo's incredulous     look)    Hagath supplied arms to the    Resistance. Without him, and    others like him, we'd all be dead,    and the Cardassians would still be    in power. We owe him.",18   INT. SECURITY,SECURITY,INT.,STAR TREK: DEEP SPACE NINE,1997-01-15,Deep Space Nine
176,ODO,   Captain...,18   INT. SECURITY,SECURITY,INT.,STAR TREK: DEEP SPACE NINE,1997-01-15,Deep Space Nine
177,SISKO,   I don't like it any more than you    do.,18   INT. SECURITY,SECURITY,INT.,STAR TREK: DEEP SPACE NINE,1997-01-15,Deep Space Nine
178,QUARK,        Better luck next time.,18   INT. SECURITY,SECURITY,INT.,STAR TREK: DEEP SPACE NINE,1997-01-15,Deep Space Nine
179,SISKO,"   You better hope there isn't a next    time, mister. I've given you a    lot of slack in the past. ",18   INT. SECURITY,SECURITY,INT.,STAR TREK: DEEP SPACE NINE,1997-01-15,Deep Space Nine
180,SISKO ,   Even looked the other way once or    twice when I could've come down    hard on you. But those days are    over. We may not be able to get    you for selling weapons... but you    so much as litter on the Promenade    and I'm going to nail you to the    wall.,18   INT. SECURITY,SECURITY,INT.,STAR TREK: DEEP SPACE NINE,1997-01-15,Deep Space Nine
181,KIRA,   Something to look forward to.,18   INT. SECURITY,SECURITY,INT.,STAR TREK: DEEP SPACE NINE,1997-01-15,Deep Space Nine
182,ODO,"        You heard them. Now, get out of    my sight.",18   INT. SECURITY,SECURITY,INT.,STAR TREK: DEEP SPACE NINE,1997-01-15,Deep Space Nine
183,QUARK,   What's wrong with you people?    Don't you know how to lose with    dignity?,18   INT. SECURITY,SECURITY,INT.,STAR TREK: DEEP SPACE NINE,1997-01-15,Deep Space Nine
184,GAILA,"        I'll never forget how many people    told us we were making a mistake.    ""Sell weapons to the Bajorans?""",20   INT. HAGATH'S QUARTERS,HAGATH'S QUARTERS,INT.,STAR TREK: DEEP SPACE NINE,1997-01-15,Deep Space Nine
185,HAGATH,"   ""What chance do they have?"" they    said. ""Invest in a winner, sell    to the Cardassians.""",20   INT. HAGATH'S QUARTERS,HAGATH'S QUARTERS,INT.,STAR TREK: DEEP SPACE NINE,1997-01-15,Deep Space Nine
186,QUARK,   Why did you sell weapons to the    Bajorans? They couldn't have had    much money...,20   INT. HAGATH'S QUARTERS,HAGATH'S QUARTERS,INT.,STAR TREK: DEEP SPACE NINE,1997-01-15,Deep Space Nine
187,HAGATH,"   My dear Quark, not every deal is    about money. Sometimes, you have    to look at the big picture... and    at times gaining a friend can be    more important than earning    profit.",20   INT. HAGATH'S QUARTERS,HAGATH'S QUARTERS,INT.,STAR TREK: DEEP SPACE NINE,1997-01-15,Deep Space Nine
188,GAILA,"        I admit it's not the Ferengi way,    but it's good business    nonetheless.",20   INT. HAGATH'S QUARTERS,HAGATH'S QUARTERS,INT.,STAR TREK: DEEP SPACE NINE,1997-01-15,Deep Space Nine
189,HAGATH,   I knew eventually the Cardassians    were going to lose. And why?,20   INT. HAGATH'S QUARTERS,HAGATH'S QUARTERS,INT.,STAR TREK: DEEP SPACE NINE,1997-01-15,Deep Space Nine
190,QUARK,   Because they were overly    confident?,20   INT. HAGATH'S QUARTERS,HAGATH'S QUARTERS,INT.,STAR TREK: DEEP SPACE NINE,1997-01-15,Deep Space Nine
191,HAGATH,        Exactly. They underestimated the    Bajoran thirst for freedom. I    didn't.,20   INT. HAGATH'S QUARTERS,HAGATH'S QUARTERS,INT.,STAR TREK: DEEP SPACE NINE,1997-01-15,Deep Space Nine
192,GAILA,   You want me to handle this?,20   INT. HAGATH'S QUARTERS,HAGATH'S QUARTERS,INT.,STAR TREK: DEEP SPACE NINE,1997-01-15,Deep Space Nine
193,HAGATH,   No.        Come in.,20   INT. HAGATH'S QUARTERS,HAGATH'S QUARTERS,INT.,STAR TREK: DEEP SPACE NINE,1997-01-15,Deep Space Nine
194,HAGATH,"   Farrakk, so glad you could join    us.",20   INT. HAGATH'S QUARTERS,HAGATH'S QUARTERS,INT.,STAR TREK: DEEP SPACE NINE,1997-01-15,Deep Space Nine
195,FARRAKK,        What was so important that you had    to see me in person? I was about    to close that deal with the    Verillians.,20   INT. HAGATH'S QUARTERS,HAGATH'S QUARTERS,INT.,STAR TREK: DEEP SPACE NINE,1997-01-15,Deep Space Nine
196,HAGATH,   Really? I heard they're no longer    in need of our services.,20   INT. HAGATH'S QUARTERS,HAGATH'S QUARTERS,INT.,STAR TREK: DEEP SPACE NINE,1997-01-15,Deep Space Nine
197,FARRAKK,   Since when?,20   INT. HAGATH'S QUARTERS,HAGATH'S QUARTERS,INT.,STAR TREK: DEEP SPACE NINE,1997-01-15,Deep Space Nine
198,HAGATH,   Since they signed an agreement    with the Metron Consortium. I    also heard that you never even    opened negotiations with the    Verillians...,20   INT. HAGATH'S QUARTERS,HAGATH'S QUARTERS,INT.,STAR TREK: DEEP SPACE NINE,1997-01-15,Deep Space Nine
199,FARRAKK,        That's a lie.,20   INT. HAGATH'S QUARTERS,HAGATH'S QUARTERS,INT.,STAR TREK: DEEP SPACE NINE,1997-01-15,Deep Space Nine
200,HAGATH,"   And that instead of doing your    job, you were off enjoying    yourself on Risa.",20   INT. HAGATH'S QUARTERS,HAGATH'S QUARTERS,INT.,STAR TREK: DEEP SPACE NINE,1997-01-15,Deep Space Nine
201,FARRAKK,       I can explain. I was --,20   INT. HAGATH'S QUARTERS,HAGATH'S QUARTERS,INT.,STAR TREK: DEEP SPACE NINE,1997-01-15,Deep Space Nine
202,HAGATH,"   I'm not interested in    explanations. I put my faith in    you and you've let me down. As of    this moment, our relationship is    terminated.",20   INT. HAGATH'S QUARTERS,HAGATH'S QUARTERS,INT.,STAR TREK: DEEP SPACE NINE,1997-01-15,Deep Space Nine
203,HAGATH,   You can keep the monies I advanced    you. Consider it your severance    pay.,20   INT. HAGATH'S QUARTERS,HAGATH'S QUARTERS,INT.,STAR TREK: DEEP SPACE NINE,1997-01-15,Deep Space Nine
204,FARRAKK,"   Hagath, can't we talk this over?   I made a mistake --",20   INT. HAGATH'S QUARTERS,HAGATH'S QUARTERS,INT.,STAR TREK: DEEP SPACE NINE,1997-01-15,Deep Space Nine
205,HAGATH,   A very costly mistake. Good-bye.,20   INT. HAGATH'S QUARTERS,HAGATH'S QUARTERS,INT.,STAR TREK: DEEP SPACE NINE,1997-01-15,Deep Space Nine
206,HAGATH,"   That was unpleasant.       Now, what were we talking about?",20   INT. HAGATH'S QUARTERS,HAGATH'S QUARTERS,INT.,STAR TREK: DEEP SPACE NINE,1997-01-15,Deep Space Nine
207,GAILA,"   Evening, cousin.",21   INT. QUARK'S - LATE,QUARK'S,INT.,STAR TREK: DEEP SPACE NINE,1997-01-15,Deep Space Nine
208,GAILA,   Business always this good?,21   INT. QUARK'S - LATE,QUARK'S,INT.,STAR TREK: DEEP SPACE NINE,1997-01-15,Deep Space Nine
209,QUARK,"   I haven't had a single Starfleet    customer all day... come to think    of it, nobody from the Federation    has come through those doors. I    must be ""off limits.""",21   INT. QUARK'S - LATE,QUARK'S,INT.,STAR TREK: DEEP SPACE NINE,1997-01-15,Deep Space Nine
210,GAILA,"   Quark, as long as we keep that    holosuite busy, you've got nothing    to worry about. Which reminds me.    We have a very special client    arriving next week. The Regent of    Palamar.",21   INT. QUARK'S - LATE,QUARK'S,INT.,STAR TREK: DEEP SPACE NINE,1997-01-15,Deep Space Nine
211,QUARK,   Never heard of him.,21   INT. QUARK'S - LATE,QUARK'S,INT.,STAR TREK: DEEP SPACE NINE,1997-01-15,Deep Space Nine
212,GAILA,"   He's very, very wealthy.",21   INT. QUARK'S - LATE,QUARK'S,INT.,STAR TREK: DEEP SPACE NINE,1997-01-15,Deep Space Nine
213,QUARK,        Can't wait to meet him.,21   INT. QUARK'S - LATE,QUARK'S,INT.,STAR TREK: DEEP SPACE NINE,1997-01-15,Deep Space Nine
214,GAILA,   He's also very particular about    how he's treated.,21   INT. QUARK'S - LATE,QUARK'S,INT.,STAR TREK: DEEP SPACE NINE,1997-01-15,Deep Space Nine
215,QUARK,"   As well he should be. After all,    he's a Regent.",21   INT. QUARK'S - LATE,QUARK'S,INT.,STAR TREK: DEEP SPACE NINE,1997-01-15,Deep Space Nine
216,GAILA,"   I have to say, Cousin, you've done    well. And it couldn't have come    at a better time. For both of us.",21   INT. QUARK'S - LATE,QUARK'S,INT.,STAR TREK: DEEP SPACE NINE,1997-01-15,Deep Space Nine
217,QUARK,   Why's that?,21   INT. QUARK'S - LATE,QUARK'S,INT.,STAR TREK: DEEP SPACE NINE,1997-01-15,Deep Space Nine
218,GAILA,"   I'm thinking about stepping back.    Taking it easy for a change. You    could take my place, run things    with Hagath. You'd earn a bigger    share of the profit.",21   INT. QUARK'S - LATE,QUARK'S,INT.,STAR TREK: DEEP SPACE NINE,1997-01-15,Deep Space Nine
219,QUARK,   Have you spoken to Hagath about   this?,21   INT. QUARK'S - LATE,QUARK'S,INT.,STAR TREK: DEEP SPACE NINE,1997-01-15,Deep Space Nine
220,GAILA,"       He likes you, Quark.",21   INT. QUARK'S - LATE,QUARK'S,INT.,STAR TREK: DEEP SPACE NINE,1997-01-15,Deep Space Nine
221,QUARK,       And I like him. I'd also like a   bigger share of the profits.,21   INT. QUARK'S - LATE,QUARK'S,INT.,STAR TREK: DEEP SPACE NINE,1997-01-15,Deep Space Nine
222,GAILA,   Then everyone's happy.       Except for Farrakk.,21   INT. QUARK'S - LATE,QUARK'S,INT.,STAR TREK: DEEP SPACE NINE,1997-01-15,Deep Space Nine
223,QUARK,   What about Farrakk?,21   INT. QUARK'S - LATE,QUARK'S,INT.,STAR TREK: DEEP SPACE NINE,1997-01-15,Deep Space Nine
224,GAILA,"   Didn't you hear? His ship blew up    shortly after he left the station.    Warp core breach.         That Hagath, what a temper.",21   INT. QUARK'S - LATE,QUARK'S,INT.,STAR TREK: DEEP SPACE NINE,1997-01-15,Deep Space Nine
225,QUARK,   Are you saying... Hagath killed    him?,21   INT. QUARK'S - LATE,QUARK'S,INT.,STAR TREK: DEEP SPACE NINE,1997-01-15,Deep Space Nine
226,GAILA,"        You heard what he said, cousin.    He doesn't like to be crossed.    Just make sure you don't forget    that.",21   INT. QUARK'S - LATE,QUARK'S,INT.,STAR TREK: DEEP SPACE NINE,1997-01-15,Deep Space Nine
227,QUARK,        Double snail juice. Extra smooth.,22   INT. REPLIMAT - POV,REPLIMAT,INT.,STAR TREK: DEEP SPACE NINE,1997-01-15,Deep Space Nine
228,QUARK,"   Good morning, commander.",22   INT. REPLIMAT - POV,REPLIMAT,INT.,STAR TREK: DEEP SPACE NINE,1997-01-15,Deep Space Nine
229,QUARK,   Mind if I join you?,22   INT. REPLIMAT - POV,REPLIMAT,INT.,STAR TREK: DEEP SPACE NINE,1997-01-15,Deep Space Nine
230,DAX,"   Actually, I do.",22   INT. REPLIMAT - POV,REPLIMAT,INT.,STAR TREK: DEEP SPACE NINE,1997-01-15,Deep Space Nine
231,QUARK,"   That's okay, I won't take it    personally.",22   INT. REPLIMAT - POV,REPLIMAT,INT.,STAR TREK: DEEP SPACE NINE,1997-01-15,Deep Space Nine
232,DAX,"        Quark, I'm busy.",22   INT. REPLIMAT - POV,REPLIMAT,INT.,STAR TREK: DEEP SPACE NINE,1997-01-15,Deep Space Nine
233,QUARK,"   I have to admit, I'm a little    disappointed in you. I thought    you, of all people, would    understand.",22   INT. REPLIMAT - POV,REPLIMAT,INT.,STAR TREK: DEEP SPACE NINE,1997-01-15,Deep Space Nine
234,DAX,   Understand what? That you've    finally shown how despicable you    truly are? You don't care how    many people die as long as you    make a profit.,22   INT. REPLIMAT - POV,REPLIMAT,INT.,STAR TREK: DEEP SPACE NINE,1997-01-15,Deep Space Nine
235,QUARK,   Who said anything about people    dying? The weapons I sell are    strictly defensive. To be well    armed is a deterrent to war -    don't you know anything about the    balance of power?,22   INT. REPLIMAT - POV,REPLIMAT,INT.,STAR TREK: DEEP SPACE NINE,1997-01-15,Deep Space Nine
236,DAX,"   Quark... you don't really believe    any of that, do you?",22   INT. REPLIMAT - POV,REPLIMAT,INT.,STAR TREK: DEEP SPACE NINE,1997-01-15,Deep Space Nine
237,QUARK,"   Jadzia... there was nothing else    I could do. I was drowning... the    waters were closing over my    head... and just as my lungs were    about to burst, my cousin threw me    a lifeline. How could I possibly    refuse?",22   INT. REPLIMAT - POV,REPLIMAT,INT.,STAR TREK: DEEP SPACE NINE,1997-01-15,Deep Space Nine
238,DAX,"   Feeling a little guilty, Quark?",22   INT. REPLIMAT - POV,REPLIMAT,INT.,STAR TREK: DEEP SPACE NINE,1997-01-15,Deep Space Nine
239,QUARK,   Guilty? Me? I don't have    anything to feel guilty about.,22   INT. REPLIMAT - POV,REPLIMAT,INT.,STAR TREK: DEEP SPACE NINE,1997-01-15,Deep Space Nine
240,DAX,   Then why come to me asking for    forgiveness?,22   INT. REPLIMAT - POV,REPLIMAT,INT.,STAR TREK: DEEP SPACE NINE,1997-01-15,Deep Space Nine
241,BASHIR,   I've got good news. Your son's    fine.,24   INT. INFIRMARY - DAY,INFIRMARY,INT.,STAR TREK: DEEP SPACE NINE,1997-01-15,Deep Space Nine
242,O'BRIEN,   Except that he cries constantly    unless I'm holding him.,24   INT. INFIRMARY - DAY,INFIRMARY,INT.,STAR TREK: DEEP SPACE NINE,1997-01-15,Deep Space Nine
243,BASHIR,"   I've given him every imaginable    test. Eyes, ears, digestive,    pulmonary and nervous systems -    there's nothing medically wrong    with him.",24   INT. INFIRMARY - DAY,INFIRMARY,INT.,STAR TREK: DEEP SPACE NINE,1997-01-15,Deep Space Nine
244,O'BRIEN,"   What are you telling me, that my    baby is just... sad?",24   INT. INFIRMARY - DAY,INFIRMARY,INT.,STAR TREK: DEEP SPACE NINE,1997-01-15,Deep Space Nine
245,BASHIR,   Perhaps he's become prematurely    aware of life's existential    isolation.,24   INT. INFIRMARY - DAY,INFIRMARY,INT.,STAR TREK: DEEP SPACE NINE,1997-01-15,Deep Space Nine
246,O'BRIEN,   You're sure it's not a rash?,24   INT. INFIRMARY - DAY,INFIRMARY,INT.,STAR TREK: DEEP SPACE NINE,1997-01-15,Deep Space Nine
247,BASHIR,   Look at the positive side: he'll    probably be a great poet.         There's nothing else I can do for    you.,24   INT. INFIRMARY - DAY,INFIRMARY,INT.,STAR TREK: DEEP SPACE NINE,1997-01-15,Deep Space Nine
248,O'BRIEN,"   Yes, there is.",24   INT. INFIRMARY - DAY,INFIRMARY,INT.,STAR TREK: DEEP SPACE NINE,1997-01-15,Deep Space Nine
249,BASHIR,   What's wrong?,24   INT. INFIRMARY - DAY,INFIRMARY,INT.,STAR TREK: DEEP SPACE NINE,1997-01-15,Deep Space Nine
250,O'BRIEN,   My neck.,24   INT. INFIRMARY - DAY,INFIRMARY,INT.,STAR TREK: DEEP SPACE NINE,1997-01-15,Deep Space Nine
251,BASHIR,        Don't move. I'll get a neural    modulator.,24   INT. INFIRMARY - DAY,INFIRMARY,INT.,STAR TREK: DEEP SPACE NINE,1997-01-15,Deep Space Nine
252,QUARK,"   Palamarian sea urchin, lightly    sauteed in garlic and moon grass...    Matopin rock fungi tossed on a bed    of tartoc and seasoned with    Clavisoa berries... and for the    main course, stuffed Wentlian    condor snake.",25   INT. HAGATH'S QUARTERS,HAGATH'S QUARTERS,INT.,STAR TREK: DEEP SPACE NINE,1997-01-15,Deep Space Nine
253,QUARK,"        All of the Regent's favorite    dishes. I obtained the recipes    through his palace chefs, in    exchange for a small gratuity.",25   INT. HAGATH'S QUARTERS,HAGATH'S QUARTERS,INT.,STAR TREK: DEEP SPACE NINE,1997-01-15,Deep Space Nine
254,HAGATH,"   Quark, do you mind if I ask a    question?",25   INT. HAGATH'S QUARTERS,HAGATH'S QUARTERS,INT.,STAR TREK: DEEP SPACE NINE,1997-01-15,Deep Space Nine
255,QUARK,   Go ahead.,25   INT. HAGATH'S QUARTERS,HAGATH'S QUARTERS,INT.,STAR TREK: DEEP SPACE NINE,1997-01-15,Deep Space Nine
256,HAGATH,"        Are you trying to ruin me on    purpose, or is this sheer    incompetence?",25   INT. HAGATH'S QUARTERS,HAGATH'S QUARTERS,INT.,STAR TREK: DEEP SPACE NINE,1997-01-15,Deep Space Nine
257,QUARK,   Ruin you? I don't want to --,25   INT. HAGATH'S QUARTERS,HAGATH'S QUARTERS,INT.,STAR TREK: DEEP SPACE NINE,1997-01-15,Deep Space Nine
258,HAGATH,"   Here we are, about to open    negotiations with an important new    client... and this is the welcome    you've prepared for him?",25   INT. HAGATH'S QUARTERS,HAGATH'S QUARTERS,INT.,STAR TREK: DEEP SPACE NINE,1997-01-15,Deep Space Nine
259,QUARK,        But they told me he'll like it.,25   INT. HAGATH'S QUARTERS,HAGATH'S QUARTERS,INT.,STAR TREK: DEEP SPACE NINE,1997-01-15,Deep Space Nine
260,HAGATH,        This? He's going to like this?,25   INT. HAGATH'S QUARTERS,HAGATH'S QUARTERS,INT.,STAR TREK: DEEP SPACE NINE,1997-01-15,Deep Space Nine
261,QUARK,       Yes...,25   INT. HAGATH'S QUARTERS,HAGATH'S QUARTERS,INT.,STAR TREK: DEEP SPACE NINE,1997-01-15,Deep Space Nine
262,HAGATH,"       Well, he should. It's delicious.",25   INT. HAGATH'S QUARTERS,HAGATH'S QUARTERS,INT.,STAR TREK: DEEP SPACE NINE,1997-01-15,Deep Space Nine
263,HAGATH,"   I really had him going, didn't I?",25   INT. HAGATH'S QUARTERS,HAGATH'S QUARTERS,INT.,STAR TREK: DEEP SPACE NINE,1997-01-15,Deep Space Nine
264,GAILA,"    (having enjoyed the     show)   Oh, you had him, you definitely   had him!",25   INT. HAGATH'S QUARTERS,HAGATH'S QUARTERS,INT.,STAR TREK: DEEP SPACE NINE,1997-01-15,Deep Space Nine
265,HAGATH,"   Quark, I love you.       It's magnificent, all of it!",25   INT. HAGATH'S QUARTERS,HAGATH'S QUARTERS,INT.,STAR TREK: DEEP SPACE NINE,1997-01-15,Deep Space Nine
266,QUARK,       So glad you approve.,25   INT. HAGATH'S QUARTERS,HAGATH'S QUARTERS,INT.,STAR TREK: DEEP SPACE NINE,1997-01-15,Deep Space Nine
267,HAGATH,"   All right, enough fun. The Regent   will be here soon. We are going   to make some money tonight.",25   INT. HAGATH'S QUARTERS,HAGATH'S QUARTERS,INT.,STAR TREK: DEEP SPACE NINE,1997-01-15,Deep Space Nine
268,REGENT,"   ... Nassuc was the best officer I    ever had. I took her out of the    ranks and made her a general. In    time, she would have inherited my    entire empire. And how does she    repay me?        She declares independence for her    homeworld.",27   INT. HAGATH'S QUARTERS - LATER - THE SAME DISH,HAGATH'S QUARTERS,INT.,STAR TREK: DEEP SPACE NINE,1997-01-15,Deep Space Nine
269,HAGATH,   Betrayal. It's the one    unforgivable sin. Especially when    it's committed by someone you    trusted implicitly.,27   INT. HAGATH'S QUARTERS - LATER - THE SAME DISH,HAGATH'S QUARTERS,INT.,STAR TREK: DEEP SPACE NINE,1997-01-15,Deep Space Nine
270,REGENT,"   Most arms dealers wouldn't    understand such matters. They    have no ideals, no passions,    except for lining their own    pockets. But, I feel that you are    a man of honor.        That you are all men of honor.",27   INT. HAGATH'S QUARTERS - LATER - THE SAME DISH,HAGATH'S QUARTERS,INT.,STAR TREK: DEEP SPACE NINE,1997-01-15,Deep Space Nine
271,GAILA,"   How very perceptive of you,    Regent.",27   INT. HAGATH'S QUARTERS - LATER - THE SAME DISH,HAGATH'S QUARTERS,INT.,STAR TREK: DEEP SPACE NINE,1997-01-15,Deep Space Nine
272,QUARK,"   Now, how can we help you?",27   INT. HAGATH'S QUARTERS - LATER - THE SAME DISH,HAGATH'S QUARTERS,INT.,STAR TREK: DEEP SPACE NINE,1997-01-15,Deep Space Nine
273,REGENT,"   I want to make an example of    Nassuc and her followers. First,    I intend to eradicate her capital    city.",27   INT. HAGATH'S QUARTERS - LATER - THE SAME DISH,HAGATH'S QUARTERS,INT.,STAR TREK: DEEP SPACE NINE,1997-01-15,Deep Space Nine
274,GAILA,        What kind of casualties are you    looking for?,27   INT. HAGATH'S QUARTERS - LATER - THE SAME DISH,HAGATH'S QUARTERS,INT.,STAR TREK: DEEP SPACE NINE,1997-01-15,Deep Space Nine
275,REGENT,   Seven... maybe eight million.,27   INT. HAGATH'S QUARTERS - LATER - THE SAME DISH,HAGATH'S QUARTERS,INT.,STAR TREK: DEEP SPACE NINE,1997-01-15,Deep Space Nine
276,HAGATH,   We can help you with that.,27   INT. HAGATH'S QUARTERS - LATER - THE SAME DISH,HAGATH'S QUARTERS,INT.,STAR TREK: DEEP SPACE NINE,1997-01-15,Deep Space Nine
277,REGENT,"   But that's just the beginning.   Over the next couple of months, I   would like the death toll to   rise... slowly but steadily.",27   INT. HAGATH'S QUARTERS - LATER - THE SAME DISH,HAGATH'S QUARTERS,INT.,STAR TREK: DEEP SPACE NINE,1997-01-15,Deep Space Nine
278,GAILA,   Give us a figure.,27   INT. HAGATH'S QUARTERS - LATER - THE SAME DISH,HAGATH'S QUARTERS,INT.,STAR TREK: DEEP SPACE NINE,1997-01-15,Deep Space Nine
279,REGENT,   Let's say... twenty million.,27   INT. HAGATH'S QUARTERS - LATER - THE SAME DISH,HAGATH'S QUARTERS,INT.,STAR TREK: DEEP SPACE NINE,1997-01-15,Deep Space Nine
280,HAGATH,       What would be most effective?   Prions?,27   INT. HAGATH'S QUARTERS - LATER - THE SAME DISH,HAGATH'S QUARTERS,INT.,STAR TREK: DEEP SPACE NINE,1997-01-15,Deep Space Nine
281,GAILA,"   Either that or a mutagenic   retrovirus. What do you think,   Quark?",27   INT. HAGATH'S QUARTERS - LATER - THE SAME DISH,HAGATH'S QUARTERS,INT.,STAR TREK: DEEP SPACE NINE,1997-01-15,Deep Space Nine
282,QUARK,   Twenty-eight million dead? Can't   we just wound some of them?,27   INT. HAGATH'S QUARTERS - LATER - THE SAME DISH,HAGATH'S QUARTERS,INT.,STAR TREK: DEEP SPACE NINE,1997-01-15,Deep Space Nine
283,REGENT,        I'm here to buy weapons. Are you    here to sell them?,27   INT. HAGATH'S QUARTERS - LATER - THE SAME DISH,HAGATH'S QUARTERS,INT.,STAR TREK: DEEP SPACE NINE,1997-01-15,Deep Space Nine
284,HAGATH,"   Absolutely. Quark was just trying    to make a little joke, but    unfortunately...        ... Ferengi humor doesn't translate    too well.",27   INT. HAGATH'S QUARTERS - LATER - THE SAME DISH,HAGATH'S QUARTERS,INT.,STAR TREK: DEEP SPACE NINE,1997-01-15,Deep Space Nine
285,HAGATH,   So let's forgo any further    attempts at jocularity and get    down to business. Shall we?,27   INT. HAGATH'S QUARTERS - LATER - THE SAME DISH,HAGATH'S QUARTERS,INT.,STAR TREK: DEEP SPACE NINE,1997-01-15,Deep Space Nine
286,GAILA,"   Quark, maybe I haven't made myself    clear... I've been in the weapons    business for forty years. I want    to retire.",29   INT. PROMENADE - SECOND LEVEL - LATER,PROMENADE,INT.,STAR TREK: DEEP SPACE NINE,1997-01-15,Deep Space Nine
287,QUARK,   I don't blame you.,29   INT. PROMENADE - SECOND LEVEL - LATER,PROMENADE,INT.,STAR TREK: DEEP SPACE NINE,1997-01-15,Deep Space Nine
288,GAILA,   But I'm not going to be able to    retire if my hand-picked successor    can't control his conscience.,29   INT. PROMENADE - SECOND LEVEL - LATER,PROMENADE,INT.,STAR TREK: DEEP SPACE NINE,1997-01-15,Deep Space Nine
289,QUARK,   The Regent is insane...,29   INT. PROMENADE - SECOND LEVEL - LATER,PROMENADE,INT.,STAR TREK: DEEP SPACE NINE,1997-01-15,Deep Space Nine
290,GAILA,"   Stop being so judgmental. It's    his bank account, not his mental    health that you should be    concerned with.",29   INT. PROMENADE - SECOND LEVEL - LATER,PROMENADE,INT.,STAR TREK: DEEP SPACE NINE,1997-01-15,Deep Space Nine
291,QUARK,   But twenty-eight million people...    it just seems wrong.,29   INT. PROMENADE - SECOND LEVEL - LATER,PROMENADE,INT.,STAR TREK: DEEP SPACE NINE,1997-01-15,Deep Space Nine
292,GAILA,"    (looking around, making     sure they're alone)    If Hagath heard you talk that    way... he'd toss you out the    nearest airlock.    (points out the     viewport)    Look out there. Millions and    millions of stars -- millions upon    millions of worlds. And right    now, half of them are fanatically    dedicated to destroying the other    half. Do you think if one of    those twinkling little lights    suddenly went out, anybody would    notice? Suppose I offered you ten    million bars of gold-pressed    latinum to help turn out one of    those lights... would you really    tell me to keep my money?",29   INT. PROMENADE - SECOND LEVEL - LATER,PROMENADE,INT.,STAR TREK: DEEP SPACE NINE,1997-01-15,Deep Space Nine
293,DAX,   The Vulcan science vessel T'Pan is    requesting permission to dock.,31   INT. OPS,OPS,INT.,STAR TREK: DEEP SPACE NINE,1997-01-15,Deep Space Nine
294,KIRA,   Put her at Docking Bay Three.,31   INT. OPS,OPS,INT.,STAR TREK: DEEP SPACE NINE,1997-01-15,Deep Space Nine
295,DAX,        The Wellington has finished    refueling. It should decouple    within the hour.,31   INT. OPS,OPS,INT.,STAR TREK: DEEP SPACE NINE,1997-01-15,Deep Space Nine
296,KIRA,   Got it.,31   INT. OPS,OPS,INT.,STAR TREK: DEEP SPACE NINE,1997-01-15,Deep Space Nine
297,O'BRIEN,"       Sir, what can I do for you?",31   INT. OPS,OPS,INT.,STAR TREK: DEEP SPACE NINE,1997-01-15,Deep Space Nine
298,SISKO,       Why is everyone whispering?,31   INT. OPS,OPS,INT.,STAR TREK: DEEP SPACE NINE,1997-01-15,Deep Space Nine
299,DAX,   Ssshhh!,31   INT. OPS,OPS,INT.,STAR TREK: DEEP SPACE NINE,1997-01-15,Deep Space Nine
300,SISKO,       Why the hell are we whispering?,31   INT. OPS,OPS,INT.,STAR TREK: DEEP SPACE NINE,1997-01-15,Deep Space Nine
301,O'BRIEN,"   It's the baby, sir.",31   INT. OPS,OPS,INT.,STAR TREK: DEEP SPACE NINE,1997-01-15,Deep Space Nine
302,SISKO,   Baby?,31   INT. OPS,OPS,INT.,STAR TREK: DEEP SPACE NINE,1997-01-15,Deep Space Nine
303,KIRA,"   Kirayoshi.  He's asleep, Captain.",31   INT. OPS,OPS,INT.,STAR TREK: DEEP SPACE NINE,1997-01-15,Deep Space Nine
304,SISKO,       Where?,31   INT. OPS,OPS,INT.,STAR TREK: DEEP SPACE NINE,1997-01-15,Deep Space Nine
305,O'BRIEN,"   In the pit, sir.",31   INT. OPS,OPS,INT.,STAR TREK: DEEP SPACE NINE,1997-01-15,Deep Space Nine
306,SISKO,   In the pit?,31   INT. OPS,OPS,INT.,STAR TREK: DEEP SPACE NINE,1997-01-15,Deep Space Nine
307,O'BRIEN,"   Yes, sir.",31   INT. OPS,OPS,INT.,STAR TREK: DEEP SPACE NINE,1997-01-15,Deep Space Nine
308,SISKO,"   Chief, why is the baby in the pit?",31   INT. OPS,OPS,INT.,STAR TREK: DEEP SPACE NINE,1997-01-15,Deep Space Nine
309,O'BRIEN,"   It's kind of hard to explain, sir.",31   INT. OPS,OPS,INT.,STAR TREK: DEEP SPACE NINE,1997-01-15,Deep Space Nine
310,SISKO,   Try.,31   INT. OPS,OPS,INT.,STAR TREK: DEEP SPACE NINE,1997-01-15,Deep Space Nine
311,SISKO,"   Chief, why don't you take a few    days off until Keiko gets back?    I think we can manage without you    that long.",31   INT. OPS,OPS,INT.,STAR TREK: DEEP SPACE NINE,1997-01-15,Deep Space Nine
312,O'BRIEN,"   That won't be necessary, sir. I    have the situation well in hand.",31   INT. OPS,OPS,INT.,STAR TREK: DEEP SPACE NINE,1997-01-15,Deep Space Nine
313,SISKO,"   What I'm trying to tell you,    Chief, is that keeping Kirayoshi    in the pit is not an acceptable    solution. Find another one.",31   INT. OPS,OPS,INT.,STAR TREK: DEEP SPACE NINE,1997-01-15,Deep Space Nine
314,O'BRIEN,"   Yes, sir.",31   INT. OPS,OPS,INT.,STAR TREK: DEEP SPACE NINE,1997-01-15,Deep Space Nine
315,O'BRIEN,   Sir?,31   INT. OPS,OPS,INT.,STAR TREK: DEEP SPACE NINE,1997-01-15,Deep Space Nine
316,SISKO,"        Yes, Chief?",31   INT. OPS,OPS,INT.,STAR TREK: DEEP SPACE NINE,1997-01-15,Deep Space Nine
317,O'BRIEN,   Can we wait 'til he wakes up to    move him? He just dropped off.,31   INT. OPS,OPS,INT.,STAR TREK: DEEP SPACE NINE,1997-01-15,Deep Space Nine
318,SISKO,   Very well. But then I want him   out of there.       Don't you people have work to do?,31   INT. OPS,OPS,INT.,STAR TREK: DEEP SPACE NINE,1997-01-15,Deep Space Nine
319,QUARK,   Captain --,36   INT. QUARK'S ,QUARK'S ,INT.,STAR TREK: DEEP SPACE NINE,1997-01-15,Deep Space Nine
320,SISKO,"   Hello, Quark.",36   INT. QUARK'S ,QUARK'S ,INT.,STAR TREK: DEEP SPACE NINE,1997-01-15,Deep Space Nine
321,QUARK,   You don't look so good.,36   INT. QUARK'S ,QUARK'S ,INT.,STAR TREK: DEEP SPACE NINE,1997-01-15,Deep Space Nine
322,SISKO,   That's because I'm dead.,36   INT. QUARK'S ,QUARK'S ,INT.,STAR TREK: DEEP SPACE NINE,1997-01-15,Deep Space Nine
323,QUARK,       Dax.,36   INT. QUARK'S ,QUARK'S ,INT.,STAR TREK: DEEP SPACE NINE,1997-01-15,Deep Space Nine
324,DAX,"   Relax, Quark.",36   INT. QUARK'S ,QUARK'S ,INT.,STAR TREK: DEEP SPACE NINE,1997-01-15,Deep Space Nine
325,QUARK,   Jake --,36   INT. QUARK'S ,QUARK'S ,INT.,STAR TREK: DEEP SPACE NINE,1997-01-15,Deep Space Nine
326,JAKE,"   Way to go, Quark. I had my whole   life ahead of me.",36   INT. QUARK'S ,QUARK'S ,INT.,STAR TREK: DEEP SPACE NINE,1997-01-15,Deep Space Nine
327,QUARK,   I didn't do anything.,36   INT. QUARK'S ,QUARK'S ,INT.,STAR TREK: DEEP SPACE NINE,1997-01-15,Deep Space Nine
328,DAX,   You killed us all.,36   INT. QUARK'S ,QUARK'S ,INT.,STAR TREK: DEEP SPACE NINE,1997-01-15,Deep Space Nine
329,QUARK,"       Hold on, now. You can't blame me.",36   INT. QUARK'S ,QUARK'S ,INT.,STAR TREK: DEEP SPACE NINE,1997-01-15,Deep Space Nine
330,KIRA,   Deny it all you want... but you're   responsible.,36   INT. QUARK'S ,QUARK'S ,INT.,STAR TREK: DEEP SPACE NINE,1997-01-15,Deep Space Nine
331,SISKO,   I hope it was worth it...,36   INT. QUARK'S ,QUARK'S ,INT.,STAR TREK: DEEP SPACE NINE,1997-01-15,Deep Space Nine
332,DAX,"   How much latinum did they pay you,   Quark?",36   INT. QUARK'S ,QUARK'S ,INT.,STAR TREK: DEEP SPACE NINE,1997-01-15,Deep Space Nine
333,KIRA,   Enough to buy a new conscience?,36   INT. QUARK'S ,QUARK'S ,INT.,STAR TREK: DEEP SPACE NINE,1997-01-15,Deep Space Nine
334,QUARK,    (trying to convince     himself)   This isn't my fault!,36   INT. QUARK'S ,QUARK'S ,INT.,STAR TREK: DEEP SPACE NINE,1997-01-15,Deep Space Nine
335,O'BRIEN,"   Why, Quark? Why did you kill my   baby?",36   INT. QUARK'S ,QUARK'S ,INT.,STAR TREK: DEEP SPACE NINE,1997-01-15,Deep Space Nine
336,QUARK,       No... no... noooo...,36   INT. QUARK'S ,QUARK'S ,INT.,STAR TREK: DEEP SPACE NINE,1997-01-15,Deep Space Nine
337,QUARK,        What have I done?,37   INT. QUARK'S ,QUARK'S ,INT.,STAR TREK: DEEP SPACE NINE,1997-01-15,Deep Space Nine
338,DAX,        What the hell are you doing in    here?,39   INT. DAX'S QUARTERS - CONTINUOUS,DAX'S QUARTERS,INT.,STAR TREK: DEEP SPACE NINE,1997-01-15,Deep Space Nine
339,QUARK,        I wanted you to have this.,39   INT. DAX'S QUARTERS - CONTINUOUS,DAX'S QUARTERS,INT.,STAR TREK: DEEP SPACE NINE,1997-01-15,Deep Space Nine
340,DAX,   You broke into my quarters to give    me a tongo wheel? Get out of here    before I call Security.,39   INT. DAX'S QUARTERS - CONTINUOUS,DAX'S QUARTERS,INT.,STAR TREK: DEEP SPACE NINE,1997-01-15,Deep Space Nine
341,QUARK,        I'm going.,39   INT. DAX'S QUARTERS - CONTINUOUS,DAX'S QUARTERS,INT.,STAR TREK: DEEP SPACE NINE,1997-01-15,Deep Space Nine
342,DAX,        And take that thing with you.,39   INT. DAX'S QUARTERS - CONTINUOUS,DAX'S QUARTERS,INT.,STAR TREK: DEEP SPACE NINE,1997-01-15,Deep Space Nine
343,QUARK,   I can't. It's a gift.,39   INT. DAX'S QUARTERS - CONTINUOUS,DAX'S QUARTERS,INT.,STAR TREK: DEEP SPACE NINE,1997-01-15,Deep Space Nine
344,DAX,   You think you can buy back my    friendship?,39   INT. DAX'S QUARTERS - CONTINUOUS,DAX'S QUARTERS,INT.,STAR TREK: DEEP SPACE NINE,1997-01-15,Deep Space Nine
345,QUARK,"   It's not a bribe... Chances are I    won't be needing it anymore.        Good-bye, Dax.",39   INT. DAX'S QUARTERS - CONTINUOUS,DAX'S QUARTERS,INT.,STAR TREK: DEEP SPACE NINE,1997-01-15,Deep Space Nine
346,DAX,   Don't let the door hit you on the    way out.,39   INT. DAX'S QUARTERS - CONTINUOUS,DAX'S QUARTERS,INT.,STAR TREK: DEEP SPACE NINE,1997-01-15,Deep Space Nine
347,QUARK,   Don't you want to know where I'm    going?,39   INT. DAX'S QUARTERS - CONTINUOUS,DAX'S QUARTERS,INT.,STAR TREK: DEEP SPACE NINE,1997-01-15,Deep Space Nine
348,DAX,   Not really.,39   INT. DAX'S QUARTERS - CONTINUOUS,DAX'S QUARTERS,INT.,STAR TREK: DEEP SPACE NINE,1997-01-15,Deep Space Nine
349,QUARK,   What if I said it was dangerous?,39   INT. DAX'S QUARTERS - CONTINUOUS,DAX'S QUARTERS,INT.,STAR TREK: DEEP SPACE NINE,1997-01-15,Deep Space Nine
350,QUARK,   Figures.        It doesn't matter. Where I'm    going... you can't follow. What    I have to do... I have to do    alone. One man... who's had    enough... who's going to stand up    and say --,39   INT. DAX'S QUARTERS - CONTINUOUS,DAX'S QUARTERS,INT.,STAR TREK: DEEP SPACE NINE,1997-01-15,Deep Space Nine
351,DAX,"        Good-bye, Quark.",39   INT. DAX'S QUARTERS - CONTINUOUS,DAX'S QUARTERS,INT.,STAR TREK: DEEP SPACE NINE,1997-01-15,Deep Space Nine
352,QUARK,   Nervous? The worst Hagath can do    is kill you.        What's one life compared to the    lives of twenty-eight million    people?,40   INT. HABITAT RING CORRIDOR - CONTINUOUS,HABITAT RING CORRIDOR,INT.,STAR TREK: DEEP SPACE NINE,1997-01-15,Deep Space Nine
353,HAGATH,   What do you mean you can't get    your hands on the mutagenic    retrovirus?,41   INT. HAGATH'S QUARTERS,HAGATH'S QUARTERS,INT.,STAR TREK: DEEP SPACE NINE,1997-01-15,Deep Space Nine
354,QUARK,   Our supplier sold all he had to    Minnobia for their war against the    Vek.,41   INT. HAGATH'S QUARTERS,HAGATH'S QUARTERS,INT.,STAR TREK: DEEP SPACE NINE,1997-01-15,Deep Space Nine
355,HAGATH,   This isn't good. I just finished    telling the Regent that his    shipment will be delivered within    a week. He's about to leave.        He is not going to be happy.,41   INT. HAGATH'S QUARTERS,HAGATH'S QUARTERS,INT.,STAR TREK: DEEP SPACE NINE,1997-01-15,Deep Space Nine
356,QUARK,"   I know -- he'll be stuck with    twenty-eight million people and no    way to kill them.    (then offering some    hope)   Lucky for us, I can get hold of   some Varaxian LM-Seven.",41   INT. HAGATH'S QUARTERS,HAGATH'S QUARTERS,INT.,STAR TREK: DEEP SPACE NINE,1997-01-15,Deep Space Nine
357,HAGATH,   Never heard of it.,41   INT. HAGATH'S QUARTERS,HAGATH'S QUARTERS,INT.,STAR TREK: DEEP SPACE NINE,1997-01-15,Deep Space Nine
358,QUARK,   It's a new biogenic weapon...    still in the experimental stage.,41   INT. HAGATH'S QUARTERS,HAGATH'S QUARTERS,INT.,STAR TREK: DEEP SPACE NINE,1997-01-15,Deep Space Nine
359,HAGATH,   How effective is it?,41   INT. HAGATH'S QUARTERS,HAGATH'S QUARTERS,INT.,STAR TREK: DEEP SPACE NINE,1997-01-15,Deep Space Nine
360,QUARK,   They'll be dropping like flies.    Only trouble is I don't know how    much of it I can get.        You think the Regent would be    satisfied with only seventeen    million people killed?,41   INT. HAGATH'S QUARTERS,HAGATH'S QUARTERS,INT.,STAR TREK: DEEP SPACE NINE,1997-01-15,Deep Space Nine
361,HAGATH,        Seventeen million... it's better    than nothing.,41   INT. HAGATH'S QUARTERS,HAGATH'S QUARTERS,INT.,STAR TREK: DEEP SPACE NINE,1997-01-15,Deep Space Nine
362,QUARK,"   Then what you have to do is tell    him there's been a change of    plans.    (as if thinking on his    feet)   Tell him we have something new to   show him... might take a little   longer to get the results he   wants, but we'll give him a twenty   percent discount. In the   meantime, I'll have a sample of   Varaxian LM-Seven sent here and   we'll arrange for a small   demonstration. We'll find a   planet with some low-level   lifeforms no one will miss.",41   INT. HAGATH'S QUARTERS,HAGATH'S QUARTERS,INT.,STAR TREK: DEEP SPACE NINE,1997-01-15,Deep Space Nine
363,HAGATH,"        I'll talk to the Regent, keep him    from leaving. You make sure you    get that sample here as soon as    possible.        Don't fail me, Quark.",41   INT. HAGATH'S QUARTERS,HAGATH'S QUARTERS,INT.,STAR TREK: DEEP SPACE NINE,1997-01-15,Deep Space Nine
364,QUARK,"   Believe me, I want this deal to go    through more than anybody. I'm    finally out of debt -- these will    be the first profits I get to    keep.",41   INT. HAGATH'S QUARTERS,HAGATH'S QUARTERS,INT.,STAR TREK: DEEP SPACE NINE,1997-01-15,Deep Space Nine
365,HAGATH,    (slapping him on     shoulder)    Be quick.,41   INT. HAGATH'S QUARTERS,HAGATH'S QUARTERS,INT.,STAR TREK: DEEP SPACE NINE,1997-01-15,Deep Space Nine
366,QUARK,   Stop looking so unhappy. The dabo    tables will still be there when    you get back.,44   INT. HABITAT RING CORRIDOR - ANOTHER SECTION,HABITAT RING CORRIDOR,INT.,STAR TREK: DEEP SPACE NINE,1997-01-15,Deep Space Nine
367,GAILA,   But I was winning. What could be    more important than that?,44   INT. HABITAT RING CORRIDOR - ANOTHER SECTION,HABITAT RING CORRIDOR,INT.,STAR TREK: DEEP SPACE NINE,1997-01-15,Deep Space Nine
368,QUARK,"   I told you, there's someone I want    you to meet.",44   INT. HABITAT RING CORRIDOR - ANOTHER SECTION,HABITAT RING CORRIDOR,INT.,STAR TREK: DEEP SPACE NINE,1997-01-15,Deep Space Nine
369,QUARK,"   Gaila, meet General Nassuc, head    of the Palamarian Freedom Brigade.",45   INT. QUARK'S QUARTERS,QUARK'S QUARTERS,INT.,STAR TREK: DEEP SPACE NINE,1997-01-15,Deep Space Nine
370,GAILA,       Pleased to meet you.    (immediately grabbing     Quark's arm)    We need to talk.,45   INT. QUARK'S QUARTERS,QUARK'S QUARTERS,INT.,STAR TREK: DEEP SPACE NINE,1997-01-15,Deep Space Nine
371,QUARK,   Will you excuse us for a moment?,45   INT. QUARK'S QUARTERS,QUARK'S QUARTERS,INT.,STAR TREK: DEEP SPACE NINE,1997-01-15,Deep Space Nine
372,GAILA,   What is that female doing on the    station?,46   INT. HABITAT RING CORRIDOR,HABITAT RING CORRIDOR,INT.,STAR TREK: DEEP SPACE NINE,1997-01-15,Deep Space Nine
373,QUARK,   I invited her.,46   INT. HABITAT RING CORRIDOR,HABITAT RING CORRIDOR,INT.,STAR TREK: DEEP SPACE NINE,1997-01-15,Deep Space Nine
374,GAILA,        Are you crazy? She's the Regent's    mortal enemy! Does he know she's    here? Does Hagath?,46   INT. HABITAT RING CORRIDOR,HABITAT RING CORRIDOR,INT.,STAR TREK: DEEP SPACE NINE,1997-01-15,Deep Space Nine
375,QUARK,   Of course not.,46   INT. HABITAT RING CORRIDOR,HABITAT RING CORRIDOR,INT.,STAR TREK: DEEP SPACE NINE,1997-01-15,Deep Space Nine
376,GAILA,"   You're scaring me, Cousin.",46   INT. HABITAT RING CORRIDOR,HABITAT RING CORRIDOR,INT.,STAR TREK: DEEP SPACE NINE,1997-01-15,Deep Space Nine
377,QUARK,"        Relax. I know selling weapons to    opposing sides is dangerous... but    as you said yourself, ""The riskier    the road -- """,46   INT. HABITAT RING CORRIDOR,HABITAT RING CORRIDOR,INT.,STAR TREK: DEEP SPACE NINE,1997-01-15,Deep Space Nine
378,GAILA,"   Don't quote The Rules of    Acquisition to me! If Hagath    finds out we're doing this behind    his back, we'll wind up as dead as    Farrakk.",46   INT. HABITAT RING CORRIDOR,HABITAT RING CORRIDOR,INT.,STAR TREK: DEEP SPACE NINE,1997-01-15,Deep Space Nine
379,QUARK,   Only if we fail. And we're not    going to fail -- we're going to    sell Varaxian LM-Seven to both the    Regent and the General.,46   INT. HABITAT RING CORRIDOR,HABITAT RING CORRIDOR,INT.,STAR TREK: DEEP SPACE NINE,1997-01-15,Deep Space Nine
380,GAILA,   Is she interested?,46   INT. HABITAT RING CORRIDOR,HABITAT RING CORRIDOR,INT.,STAR TREK: DEEP SPACE NINE,1997-01-15,Deep Space Nine
381,QUARK,"   She jumped at the chance. She's    as crazy as the Regent. Both    sides will poison each other,    we'll double our profits, and    Hagath will be very happy.",46   INT. HABITAT RING CORRIDOR,HABITAT RING CORRIDOR,INT.,STAR TREK: DEEP SPACE NINE,1997-01-15,Deep Space Nine
382,GAILA,   But what if they see one another -   realize what we're doing?,46   INT. HABITAT RING CORRIDOR,HABITAT RING CORRIDOR,INT.,STAR TREK: DEEP SPACE NINE,1997-01-15,Deep Space Nine
383,QUARK,   It's a busy station. We'll keep    them far apart. Just think of all    that latinum.,46   INT. HABITAT RING CORRIDOR,HABITAT RING CORRIDOR,INT.,STAR TREK: DEEP SPACE NINE,1997-01-15,Deep Space Nine
384,GAILA,   What do you want me to do?,46   INT. HABITAT RING CORRIDOR,HABITAT RING CORRIDOR,INT.,STAR TREK: DEEP SPACE NINE,1997-01-15,Deep Space Nine
385,QUARK,"   Keep the General occupied for    twenty minutes, then take her to    Cargo Bay Five. I'll meet you    there.",46   INT. HABITAT RING CORRIDOR,HABITAT RING CORRIDOR,INT.,STAR TREK: DEEP SPACE NINE,1997-01-15,Deep Space Nine
386,REGENT,   Open it.,47   INT. CARGO BAY,CARGO BAY,INT.,STAR TREK: DEEP SPACE NINE,1997-01-15,Deep Space Nine
387,HAGATH,        You heard him.,47   INT. CARGO BAY,CARGO BAY,INT.,STAR TREK: DEEP SPACE NINE,1997-01-15,Deep Space Nine
388,QUARK,   That's odd.,47   INT. CARGO BAY,CARGO BAY,INT.,STAR TREK: DEEP SPACE NINE,1997-01-15,Deep Space Nine
389,REGENT,   What's wrong?,47   INT. CARGO BAY,CARGO BAY,INT.,STAR TREK: DEEP SPACE NINE,1997-01-15,Deep Space Nine
390,HAGATH,"       Nothing.       Right, Quark?",47   INT. CARGO BAY,CARGO BAY,INT.,STAR TREK: DEEP SPACE NINE,1997-01-15,Deep Space Nine
391,QUARK,   The code sequencer isn't working.,47   INT. CARGO BAY,CARGO BAY,INT.,STAR TREK: DEEP SPACE NINE,1997-01-15,Deep Space Nine
392,HAGATH,       Then fix it.,47   INT. CARGO BAY,CARGO BAY,INT.,STAR TREK: DEEP SPACE NINE,1997-01-15,Deep Space Nine
393,QUARK,   Right away,47   INT. CARGO BAY,CARGO BAY,INT.,STAR TREK: DEEP SPACE NINE,1997-01-15,Deep Space Nine
394,QUARK,"   I just need to get a descrambler.    And while I'm at it, I'll get a    bottle of champagne -- to    celebrate.",47   INT. CARGO BAY,CARGO BAY,INT.,STAR TREK: DEEP SPACE NINE,1997-01-15,Deep Space Nine
395,HAGATH,   Forget the champagne. Just get    back here as quickly as you can.,47   INT. CARGO BAY,CARGO BAY,INT.,STAR TREK: DEEP SPACE NINE,1997-01-15,Deep Space Nine
396,QUARK,   Whatever you say.,47   INT. CARGO BAY,CARGO BAY,INT.,STAR TREK: DEEP SPACE NINE,1997-01-15,Deep Space Nine
397,HAGATH,   He'll be right back.,47   INT. CARGO BAY,CARGO BAY,INT.,STAR TREK: DEEP SPACE NINE,1997-01-15,Deep Space Nine
398,GAILA,"   Quark, where are you going?",48   INT. CORRIDOR - OUTSIDE CARGO BAY FIVE,CORRIDOR,INT.,STAR TREK: DEEP SPACE NINE,1997-01-15,Deep Space Nine
399,QUARK,   I'll be right back.       I just need to get a descrambler.,48   INT. CORRIDOR - OUTSIDE CARGO BAY FIVE,CORRIDOR,INT.,STAR TREK: DEEP SPACE NINE,1997-01-15,Deep Space Nine
400,GAILA,   After you.,48   INT. CORRIDOR - OUTSIDE CARGO BAY FIVE,CORRIDOR,INT.,STAR TREK: DEEP SPACE NINE,1997-01-15,Deep Space Nine
401,ODO,   There are reports of phaser fire    in Cargo Bay Five. Seal the area.    This is a priority-one alert.,48A  INT. PROMENADE,PROMENADE,INT.,STAR TREK: DEEP SPACE NINE,1997-01-15,Deep Space Nine
402,O'BRIEN,"   Good afternoon, Commander.",51   INT. O'BRIEN'S QUARTERS,O'BRIEN'S QUARTERS,INT.,STAR TREK: DEEP SPACE NINE,1997-01-15,Deep Space Nine
403,WORF,"   Chief, my schedule shows you were    supposed to begin modifying the    deflector array aboard the Defiant    today.",51   INT. O'BRIEN'S QUARTERS,O'BRIEN'S QUARTERS,INT.,STAR TREK: DEEP SPACE NINE,1997-01-15,Deep Space Nine
404,O'BRIEN,"   I'm sorry, sir. The Captain    thought I could use a few days    leave and I decided to take him up    on it.",51   INT. O'BRIEN'S QUARTERS,O'BRIEN'S QUARTERS,INT.,STAR TREK: DEEP SPACE NINE,1997-01-15,Deep Space Nine
405,WORF,   To care for your son.,51   INT. O'BRIEN'S QUARTERS,O'BRIEN'S QUARTERS,INT.,STAR TREK: DEEP SPACE NINE,1997-01-15,Deep Space Nine
406,O'BRIEN,        Taking care of a baby can be a    full-time job.,51   INT. O'BRIEN'S QUARTERS,O'BRIEN'S QUARTERS,INT.,STAR TREK: DEEP SPACE NINE,1997-01-15,Deep Space Nine
407,O'BRIEN,"   Look, do me a favor and hold him    for a minute. I need to get his    bottle. He'll cry, but it's okay -   there's nothing wrong with him.",51   INT. O'BRIEN'S QUARTERS,O'BRIEN'S QUARTERS,INT.,STAR TREK: DEEP SPACE NINE,1997-01-15,Deep Space Nine
408,WORF,"   Chief, I must attend to --",51   INT. O'BRIEN'S QUARTERS,O'BRIEN'S QUARTERS,INT.,STAR TREK: DEEP SPACE NINE,1997-01-15,Deep Space Nine
409,O'BRIEN,   It'll only take a minute.,51   INT. O'BRIEN'S QUARTERS,O'BRIEN'S QUARTERS,INT.,STAR TREK: DEEP SPACE NINE,1997-01-15,Deep Space Nine
410,WORF,   What's the matter?,51   INT. O'BRIEN'S QUARTERS,O'BRIEN'S QUARTERS,INT.,STAR TREK: DEEP SPACE NINE,1997-01-15,Deep Space Nine
411,O'BRIEN,   The baby... he's not crying.,51   INT. O'BRIEN'S QUARTERS,O'BRIEN'S QUARTERS,INT.,STAR TREK: DEEP SPACE NINE,1997-01-15,Deep Space Nine
412,O'BRIEN,   He's not crying.,51   INT. O'BRIEN'S QUARTERS,O'BRIEN'S QUARTERS,INT.,STAR TREK: DEEP SPACE NINE,1997-01-15,Deep Space Nine
413,WORF,"    (looking at the baby, a     beat)    I never saw my son when he was    this age.        It is something I will always    regret. You are a fortunate man.    Chief... Chief?",51   INT. O'BRIEN'S QUARTERS,O'BRIEN'S QUARTERS,INT.,STAR TREK: DEEP SPACE NINE,1997-01-15,Deep Space Nine
414,SISKO,"   You're facing some serious    charges, Quark. Incitement to    riot, endangering the public    safety, disregard for --",51A  INT. CAPTAIN'S OFFICE ,CAPTAIN'S OFFICE ,INT.,STAR TREK: DEEP SPACE NINE,1997-01-15,Deep Space Nine
415,QUARK,   How was I supposed to know    everyone was going to start    shooting? I just wanted them to    cross paths so the deal would fall    through.,51A  INT. CAPTAIN'S OFFICE ,CAPTAIN'S OFFICE ,INT.,STAR TREK: DEEP SPACE NINE,1997-01-15,Deep Space Nine
416,SISKO,"   It fell through, all right.    Hagath and Gaila barely managed to    get off the station alive.",51A  INT. CAPTAIN'S OFFICE ,CAPTAIN'S OFFICE ,INT.,STAR TREK: DEEP SPACE NINE,1997-01-15,Deep Space Nine
417,QUARK,   I hear General Nassuc sent a    purification squad after them...,51A  INT. CAPTAIN'S OFFICE ,CAPTAIN'S OFFICE ,INT.,STAR TREK: DEEP SPACE NINE,1997-01-15,Deep Space Nine
418,SISKO,   I wouldn't count on seeing your    former business partners again.,51A  INT. CAPTAIN'S OFFICE ,CAPTAIN'S OFFICE ,INT.,STAR TREK: DEEP SPACE NINE,1997-01-15,Deep Space Nine
419,QUARK,       I can live with that.,51A  INT. CAPTAIN'S OFFICE ,CAPTAIN'S OFFICE ,INT.,STAR TREK: DEEP SPACE NINE,1997-01-15,Deep Space Nine
420,SISKO,   What about the Regent's death?,51A  INT. CAPTAIN'S OFFICE ,CAPTAIN'S OFFICE ,INT.,STAR TREK: DEEP SPACE NINE,1997-01-15,Deep Space Nine
421,QUARK,        The Regent's dead?,51A  INT. CAPTAIN'S OFFICE ,CAPTAIN'S OFFICE ,INT.,STAR TREK: DEEP SPACE NINE,1997-01-15,Deep Space Nine
422,SISKO,   A purification squad caught up    with him early this morning.,51A  INT. CAPTAIN'S OFFICE ,CAPTAIN'S OFFICE ,INT.,STAR TREK: DEEP SPACE NINE,1997-01-15,Deep Space Nine
423,QUARK,"   I can live with that, too. And I    can think of twenty-eight million    other people who won't mind either.",51A  INT. CAPTAIN'S OFFICE ,CAPTAIN'S OFFICE ,INT.,STAR TREK: DEEP SPACE NINE,1997-01-15,Deep Space Nine
424,QUARK,"   So, about those charges -- surely    we can come to some sort of...    accommodation.",51A  INT. CAPTAIN'S OFFICE ,CAPTAIN'S OFFICE ,INT.,STAR TREK: DEEP SPACE NINE,1997-01-15,Deep Space Nine
425,SISKO,   That depends.,51A  INT. CAPTAIN'S OFFICE ,CAPTAIN'S OFFICE ,INT.,STAR TREK: DEEP SPACE NINE,1997-01-15,Deep Space Nine
426,QUARK,   On what?,51A  INT. CAPTAIN'S OFFICE ,CAPTAIN'S OFFICE ,INT.,STAR TREK: DEEP SPACE NINE,1997-01-15,Deep Space Nine
427,SISKO,   This is what it's going to cost to    repair the cargo bay.,51A  INT. CAPTAIN'S OFFICE ,CAPTAIN'S OFFICE ,INT.,STAR TREK: DEEP SPACE NINE,1997-01-15,Deep Space Nine
428,QUARK,   That much?,51A  INT. CAPTAIN'S OFFICE ,CAPTAIN'S OFFICE ,INT.,STAR TREK: DEEP SPACE NINE,1997-01-15,Deep Space Nine
429,SISKO,   That much.,51A  INT. CAPTAIN'S OFFICE ,CAPTAIN'S OFFICE ,INT.,STAR TREK: DEEP SPACE NINE,1997-01-15,Deep Space Nine
430,QUARK,   Well... maybe we could come up    with some sort of installment    plan.,51A  INT. CAPTAIN'S OFFICE ,CAPTAIN'S OFFICE ,INT.,STAR TREK: DEEP SPACE NINE,1997-01-15,Deep Space Nine
431,SISKO,   Works for me.,51A  INT. CAPTAIN'S OFFICE ,CAPTAIN'S OFFICE ,INT.,STAR TREK: DEEP SPACE NINE,1997-01-15,Deep Space Nine
432,DAX,   Retreat.,52   INT. DAX'S QUARTERS,DAX'S QUARTERS,INT.,STAR TREK: DEEP SPACE NINE,1997-01-15,Deep Space Nine
433,QUARK,   Acquire.,52   INT. DAX'S QUARTERS,DAX'S QUARTERS,INT.,STAR TREK: DEEP SPACE NINE,1997-01-15,Deep Space Nine
434,DAX,   Confront.,52   INT. DAX'S QUARTERS,DAX'S QUARTERS,INT.,STAR TREK: DEEP SPACE NINE,1997-01-15,Deep Space Nine
435,QUARK,        Evade.,52   INT. DAX'S QUARTERS,DAX'S QUARTERS,INT.,STAR TREK: DEEP SPACE NINE,1997-01-15,Deep Space Nine
436,QUARK,"   The risk is at ten, with a    purchase of seven and a sale of    fourteen.",52   INT. DAX'S QUARTERS,DAX'S QUARTERS,INT.,STAR TREK: DEEP SPACE NINE,1997-01-15,Deep Space Nine
437,DAX,   Nice move. But then again you    have a knack for getting out of    tight spots.,52   INT. DAX'S QUARTERS,DAX'S QUARTERS,INT.,STAR TREK: DEEP SPACE NINE,1997-01-15,Deep Space Nine
438,QUARK,        It's a gift.       About my tongo wheel...,52   INT. DAX'S QUARTERS,DAX'S QUARTERS,INT.,STAR TREK: DEEP SPACE NINE,1997-01-15,Deep Space Nine
439,DAX,"   It's no longer your tongo wheel.    You gave it to me, remember?",52   INT. DAX'S QUARTERS,DAX'S QUARTERS,INT.,STAR TREK: DEEP SPACE NINE,1997-01-15,Deep Space Nine
440,QUARK,"   I know I gave it to you, but at    the time I thought --",52   INT. DAX'S QUARTERS,DAX'S QUARTERS,INT.,STAR TREK: DEEP SPACE NINE,1997-01-15,Deep Space Nine
441,DAX,"   I'm not giving it back, Quark.    And that's final.",52   INT. DAX'S QUARTERS,DAX'S QUARTERS,INT.,STAR TREK: DEEP SPACE NINE,1997-01-15,Deep Space Nine
442,DAX,   Confront.,52   INT. DAX'S QUARTERS,DAX'S QUARTERS,INT.,STAR TREK: DEEP SPACE NINE,1997-01-15,Deep Space Nine
443,QUARK,   Retreat.,52   INT. DAX'S QUARTERS,DAX'S QUARTERS,INT.,STAR TREK: DEEP SPACE NINE,1997-01-15,Deep Space Nine
